$GPRMC,082843.00,A,3236.19708,N,05139.34587,E,0.057,,280823,,,A*74
$GPVTG,,T,,M,0.057,N,0.106,K,A*26
$GPGGA,082843.00,3236.19708,N,05139.34587,E,1,09,1.80,1734.5,M,-17.6,M,,*40
$GPGSA,A,3,08,10,32,23,21,31,18,02,27,,,,2.69,1.80,2.00*02
$GPGSV,3,1,11,01,14,316,32,02,33,317,38,08,41,263,26,10,44,048,41*70
$GPGSV,3,2,11,18,05,129,36,21,43,318,46,23,14,073,35,27,37,213,34*77
$GPGSV,3,3,11,28,28,146,35,31,10,171,35,32,80,049,41*4F
$GPGLL,3236.19708,N,05139.34587,E,082843.00,A,A*6C
$GPRMC,082844.00,A,3236.19707,N,05139.34587,E,0.043,,280823,,,A*79
$GPVTG,,T,,M,0.043,N,0.080,K,A*2C
$GPGGA,082844.00,3236.19707,N,05139.34587,E,1,09,1.80,1734.5,M,-17.6,M,,*48
$GPGSA,A,3,08,10,32,23,21,31,18,02,27,,,,2.69,1.80,2.00*02
$GPGSV,3,1,11,01,14,316,28,02,33,317,33,08,41,263,26,10,44,048,37*71
$GPGSV,3,2,11,18,05,129,29,21,43,318,41,23,14,073,31,27,37,213,30*7E
$GPGSV,3,3,11,28,28,146,28,31,10,171,29,32,80,049,36*4E
$GPGLL,3236.19707,N,05139.34587,E,082844.00,A,A*64
$GPRMC,082845.00,A,3236.19708,N,05139.34587,E,0.131,,280823,,,A*73
$GPVTG,,T,,M,0.131,N,0.242,K,A*24
$GPGGA,082845.00,3236.19708,N,05139.34587,E,1,09,1.80,1734.6,M,-17.6,M,,*45
$GPGSA,A,3,08,10,32,23,21,31,18,02,27,,,,2.69,1.80,2.00*02
$GPGSV,3,1,11,01,14,316,33,02,33,317,37,08,41,263,27,10,44,048,42*7C
$GPGSV,3,2,11,18,05,129,34,21,43,318,46,23,14,073,35,27,37,213,34*75
$GPGSV,3,3,11,28,28,146,35,31,10,171,36,32,80,049,41*4C
$GPGLL,3236.19708,N,05139.34587,E,082845.00,A,A*6A
$GPRMC,082846.00,A,3236.19710,N,05139.34587,E,0.071,,280823,,,A*7C
$GPVTG,,T,,M,0.071,N,0.131,K,A*26
$GPGGA,082846.00,3236.19710,N,05139.34587,E,1,09,1.80,1734.6,M,-17.6,M,,*4F
$GPGSA,A,3,08,10,32,23,21,31,18,02,27,,,,2.69,1.80,2.00*02
$GPGSV,3,1,11,01,14,316,32,02,33,317,36,08,41,263,27,10,44,048,41*7F
$GPGSV,3,2,11,18,05,129,34,21,43,318,45,23,14,073,35,27,37,213,32*70
$GPGSV,3,3,11,28,28,146,32,31,10,171,31,32,80,049,39*43
$GPGLL,3236.19710,N,05139.34587,E,082846.00,A,A*60
$GPRMC,082847.00,A,3236.19707,N,05139.34588,E,0.260,,280823,,,A*76
$GPVTG,,T,,M,0.260,N,0.482,K,A*29
$GPGGA,082847.00,3236.19707,N,05139.34588,E,1,08,1.80,1734.6,M,-17.6,M,,*46
$GPGSA,A,3,08,10,32,23,21,18,02,27,,,,,2.69,1.80,2.00*00
$GPGSV,3,1,12,01,14,316,24,02,33,317,26,08,41,263,25,10,44,048,30*7E
$GPGSV,3,2,12,18,05,129,27,21,43,318,34,23,14,073,25,27,37,213,30*74
$GPGSV,3,3,12,28,28,146,25,31,10,171,27,32,80,049,31,39,42,223,31*74
$GPGLL,3236.19707,N,05139.34588,E,082847.00,A,A*68
$GPRMC,082848.00,A,3236.19698,N,05139.34574,E,0.627,,280823,,,A*7A
$GPVTG,,T,,M,0.627,N,1.161,K,A*27
$GPGGA,082848.00,3236.19698,N,05139.34574,E,1,07,1.80,1734.4,M,-17.6,M,,*40
$GPGSA,A,3,08,10,32,23,21,18,02,,,,,,2.69,1.80,2.00*05
$GPGSV,3,1,11,01,14,316,20,02,33,317,23,08,41,263,21,10,44,048,27*7E
$GPGSV,3,2,11,18,05,129,22,21,43,318,32,23,14,073,22,27,37,213,42*76
$GPGSV,3,3,11,28,28,146,22,31,10,171,26,32,80,049,28*44
$GPGLL,3236.19698,N,05139.34574,E,082848.00,A,A*63
$GPRMC,082849.00,A,3236.19673,N,05139.34569,E,0.888,,280823,,,A*79
$GPVTG,,T,,M,0.888,N,1.644,K,A*2C
$GPGGA,082849.00,3236.19673,N,05139.34569,E,1,08,4.02,1734.4,M,-17.6,M,,*48
$GPGSA,A,3,08,10,32,23,21,18,02,27,,,,,4.76,4.02,2.55*07
$GPGSV,3,1,12,01,14,316,,02,33,317,22,08,41,263,18,10,44,048,26*75
$GPGSV,3,2,12,18,05,129,50,21,43,318,32,23,14,073,21,27,37,213,50*70
$GPGSV,3,3,12,28,28,146,,31,10,171,,32,80,049,26,39,42,223,26*76
$GPGLL,3236.19673,N,05139.34569,E,082849.00,A,A*6B
$GPRMC,082850.00,A,3236.19658,N,05139.34563,E,0.783,,280823,,,A*76
$GPVTG,,T,,M,0.783,N,1.450,K,A*2F
$GPGGA,082850.00,3236.19658,N,05139.34563,E,1,08,4.02,1734.2,M,-17.6,M,,*45
$GPGSA,A,3,08,10,32,23,21,31,18,02,,,,,4.76,4.02,2.55*00
$GPGSV,3,1,11,01,14,316,47,02,33,317,21,08,41,263,48,10,44,048,26*73
$GPGSV,3,2,11,18,05,129,47,21,43,318,32,23,14,073,20,27,37,213,48*7D
$GPGSV,3,3,11,28,28,146,,31,10,171,18,32,80,049,27*46
$GPGLL,3236.19658,N,05139.34563,E,082850.00,A,A*60
$GPRMC,082851.00,A,3236.19614,N,05139.34562,E,1.391,,280823,,,A*78
$GPVTG,,T,,M,1.391,N,2.576,K,A*2F
$GPGGA,082851.00,3236.19614,N,05139.34562,E,1,08,4.02,1734.2,M,-17.6,M,,*4D
$GPGSA,A,3,10,32,23,21,31,18,02,27,,,,,4.76,4.02,2.55*0D
$GPGSV,3,1,11,01,14,316,28,02,33,317,24,08,41,263,46,10,44,048,28*7F
$GPGSV,3,2,11,18,05,129,25,21,43,318,33,23,14,073,23,27,37,213,31*75
$GPGSV,3,3,11,28,28,146,,31,10,171,16,32,80,049,29*46
$GPGLL,3236.19614,N,05139.34562,E,082851.00,A,A*68
$GPRMC,082852.00,A,3236.19584,N,05139.34558,E,0.966,,280823,,,A*7B
$GPVTG,,T,,M,0.966,N,1.788,K,A*2C
$GPGGA,082852.00,3236.19584,N,05139.34558,E,1,07,14.39,1734.1,M,-17.6,M,,*78
$GPGSA,A,3,08,10,32,23,21,18,02,,,,,,15.22,14.39,4.94*01
$GPGSV,3,1,11,01,14,316,27,02,33,317,23,08,41,263,48,10,44,048,26*77
$GPGSV,3,2,11,18,05,129,47,21,43,318,29,23,14,073,23,27,37,213,43*7F
$GPGSV,3,3,11,28,28,146,29,31,10,171,09,32,80,049,27*4D
$GPGLL,3236.19584,N,05139.34558,E,082852.00,A,A*68
$GPRMC,082853.00,V,,,,,,,280823,,,N*7A
$GPVTG,,,,,,,,,N*30
$GPGGA,082853.00,,,,,0,00,99.99,,,,,,*62
$GPGSA,A,1,,,,,,,,,,,,,99.99,99.99,99.99*30
$GPGSV,3,1,11,01,14,316,46,02,33,317,21,08,41,263,48,10,44,048,25*71
$GPGSV,3,2,11,18,05,129,24,21,43,318,29,23,14,073,22,27,37,213,32*7D
$GPGSV,3,3,11,28,28,146,35,31,10,171,07,32,80,049,25*4C
$GPGLL,,,,,082853.00,V,N*4E
$GPRMC,082854.00,V,,,,,,,280823,,,N*7D
$GPVTG,,,,,,,,,N*30
$GPGGA,082854.00,,,,,0,00,99.99,,,,,,*65
$GPGSA,A,1,,,,,,,,,,,,,99.99,99.99,99.99*30
$GPGSV,3,1,11,01,14,316,46,02,33,317,35,08,41,263,46,10,44,048,42*7B
$GPGSV,3,2,11,18,05,129,47,21,43,318,45,23,14,073,26,27,37,213,48*7B
$GPGSV,3,3,11,28,28,146,35,31,10,171,06,32,80,049,47*49
$GPGLL,,,,,082854.00,V,N*49
$GPRMC,082855.00,V,,,,,,,280823,,,N*7C
$GPVTG,,,,,,,,,N*30
$GPGGA,082855.00,,,,,0,00,99.99,,,,,,*64
$GPGSA,A,1,,,,,,,,,,,,,99.99,99.99,99.99*30
$GPGSV,3,1,11,01,14,316,46,02,33,317,,08,41,263,48,10,44,048,49*78
$GPGSV,3,2,11,18,05,129,48,21,43,318,47,23,14,073,,27,37,213,49*73
$GPGSV,3,3,11,28,28,146,26,31,10,171,18,32,80,049,*47
$GPGLL,,,,,082855.00,V,N*48
$GPRMC,082856.00,V,,,,,,,280823,,,N*7F
$GPVTG,,,,,,,,,N*30
$GPGGA,082856.00,,,,,0,00,99.99,,,,,,*67
$GPGSA,A,1,,,,,,,,,,,,,99.99,99.99,99.99*30
$GPGSV,3,1,11,01,14,316,47,02,33,317,,08,41,263,48,10,44,048,48*78
$GPGSV,3,2,11,18,05,129,47,21,43,318,47,23,14,073,,27,37,213,49*7C
$GPGSV,3,3,11,28,28,146,25,31,10,171,16,32,80,049,47*49
$GPGLL,,,,,082856.00,V,N*4B
$GPRMC,082857.00,V,,,,,,,280823,,,N*7E
$GPVTG,,,,,,,,,N*30
$GPGGA,082857.00,,,,,0,00,99.99,,,,,,*66
$GPGSA,A,1,,,,,,,,,,,,,99.99,99.99,99.99*30
$GPGSV,3,1,11,01,14,316,28,02,33,317,,08,41,263,49,10,44,048,49*71
$GPGSV,3,2,11,18,05,129,48,21,43,318,48,23,14,073,35,27,37,213,49*7A
$GPGSV,3,3,11,28,28,146,22,31,10,171,14,32,80,049,48*43
$GPGLL,,,,,082857.00,V,N*4A
$GPRMC,082858.00,V,,,,,,,280823,,,N*71
$GPVTG,,,,,,,,,N*30
$GPGGA,082858.00,,,,,0,00,99.99,,,,,,*69
$GPGSA,A,1,,,,,,,,,,,,,99.99,99.99,99.99*30
$GPGSV,3,1,11,01,14,316,47,02,33,317,,08,41,263,49,10,44,048,48*79
$GPGSV,3,2,11,18,05,129,47,21,43,318,47,23,14,073,,27,37,213,49*7C
$GPGSV,3,3,11,28,28,146,17,31,10,171,14,32,80,049,48*45
$GPGLL,,,,,082858.00,V,N*45
$GPRMC,082859.00,V,,,,,,,280823,,,N*70
$GPVTG,,,,,,,,,N*30
$GPGGA,082859.00,,,,,0,00,99.99,,,,,,*68
$GPGSA,A,1,,,,,,,,,,,,,99.99,99.99,99.99*30
$GPGSV,3,1,11,01,14,316,21,02,33,317,20,08,41,263,49,10,44,048,49*7A
$GPGSV,3,2,11,18,05,129,48,21,43,318,48,23,14,073,,27,37,213,49*7C
$GPGSV,3,3,11,28,28,146,36,31,10,171,,32,80,049,27*4A
$GPGLL,,,,,082859.00,V,N*44
$GPRMC,082900.00,V,,,,,,,280823,,,N*7D
$GPVTG,,,,,,,,,N*30
$GPGGA,082900.00,,,,,0,00,99.99,,,,,,*65
$GPGSA,A,1,,,,,,,,,,,,,99.99,99.99,99.99*30
$GPGSV,3,1,11,01,14,316,47,02,33,317,,08,41,263,49,10,44,048,49*78
$GPGSV,3,2,11,18,05,129,48,21,43,318,47,23,14,073,,27,37,213,49*73
$GPGSV,3,3,11,28,28,146,,31,10,171,,32,80,049,48*46
$GPGLL,,,,,082900.00,V,N*49
$GPRMC,082901.00,V,,,,,,,280823,,,N*7C
$GPVTG,,,,,,,,,N*30
$GPGGA,082901.00,,,,,0,00,99.99,,,,,,*64
$GPGSA,A,1,,,,,,,,,,,,,99.99,99.99,99.99*30
$GPGSV,3,1,11,01,14,316,47,02,33,317,,08,41,263,48,10,44,048,48*78
$GPGSV,3,2,11,18,05,129,47,21,43,318,47,23,14,073,,27,37,213,49*7C
$GPGSV,3,3,11,28,28,146,,31,10,171,,32,80,049,47*49
$GPGLL,,,,,082901.00,V,N*48
$GPRMC,082902.00,V,,,,,,,280823,,,N*7F
$GPVTG,,,,,,,,,N*30
$GPGGA,082902.00,,,,,0,00,99.99,,,,,,*67
$GPGSA,A,1,,,,,,,,,,,,,99.99,99.99,99.99*30
$GPGSV,3,1,11,01,14,316,47,02,33,317,,08,41,263,49,10,44,048,49*78
$GPGSV,3,2,11,18,05,129,48,21,43,318,47,23,14,073,35,27,37,213,49*75
$GPGSV,3,3,11,28,28,146,28,31,10,171,,32,80,049,48*4C
$GPGLL,,,,,082902.00,V,N*4B
$GPRMC,082903.00,V,,,,,,,280823,,,N*7E
$GPVTG,,,,,,,,,N*30
$GPGGA,082903.00,,,,,0,00,99.99,,,,,,*66
$GPGSA,A,1,,,,,,,,,,,,,99.99,99.99,99.99*30
$GPGSV,3,1,11,01,14,316,47,02,33,317,,08,41,263,48,10,44,048,48*78
$GPGSV,3,2,11,18,05,129,47,21,43,318,47,23,14,073,,27,37,213,49*7C
$GPGSV,3,3,11,28,28,146,27,31,10,171,,32,80,049,48*43
$GPGLL,,,,,082903.00,V,N*4A
$GPRMC,082904.00,V,,,,,,,280823,,,N*79
$GPVTG,,,,,,,,,N*30
$GPGGA,082904.00,,,,,0,00,99.99,,,,,,*61
$GPGSA,A,1,,,,,,,,,,,,,99.99,99.99,99.99*30
$GPGSV,3,1,11,01,14,316,49,02,33,317,,08,41,263,50,10,44,048,50*76
$GPGSV,3,2,11,18,05,129,49,21,43,318,49,23,14,073,,27,37,213,50*74
$GPGSV,3,3,11,28,28,146,26,31,10,171,,32,80,049,49*43
$GPGLL,,,,,082904.00,V,N*4D
$GPRMC,082904.99,V,,,,,,,280823,,,N*79
$GPVTG,,,,,,,,,N*30
$GPGGA,082904.99,,,,,0,00,99.99,,,,,,*61
$GPGSA,A,1,,,,,,,,,,,,,99.99,99.99,99.99*30
$GPGSV,3,1,11,01,14,316,33,02,33,317,,08,41,263,28,10,44,048,27*74
$GPGSV,3,2,11,18,05,129,28,21,43,318,25,23,14,073,,27,37,213,28*76
$GPGSV,3,3,11,28,28,146,10,31,10,171,,32,80,049,26*4F
$GPGLL,,,,,082904.99,V,N*4D
$GPRMC,082905.99,V,,,,,,,280823,,,N*78
$GPVTG,,,,,,,,,N*30
$GPGGA,082905.99,,,,,0,00,99.99,,,,,,*60
$GPGSA,A,1,,,,,,,,,,,,,99.99,99.99,99.99*30
$GPGSV,3,1,11,01,14,316,48,02,33,317,,08,41,263,49,10,44,048,46*78
$GPGSV,3,2,11,18,05,129,48,21,43,318,48,23,14,073,35,27,37,213,47*74
$GPGSV,3,3,11,28,28,146,,31,10,171,35,32,80,049,49*41
$GPGLL,,,,,082905.99,V,N*4C
$GPRMC,082907.00,V,,,,,,,280823,,,N*7A
$GPVTG,,,,,,,,,N*30
$GPGGA,082907.00,,,,,0,00,99.99,,,,,,*62
$GPGSA,A,1,,,,,,,,,,,,,99.99,99.99,99.99*30
$GPGSV,3,1,11,01,14,316,50,02,33,317,,08,41,263,51,10,44,048,48*76
$GPGSV,3,2,11,18,05,129,49,21,43,318,50,23,14,073,35,27,37,213,51*7B
$GPGSV,3,3,11,28,28,146,35,31,10,171,,32,80,049,51*48
$GPGLL,,,,,082907.00,V,N*4E
$GPRMC,082908.00,V,,,,,,,280823,,,N*75
$GPVTG,,,,,,,,,N*30
$GPGGA,082908.00,,,,,0,00,99.99,,,,,,*6D
$GPGSA,A,1,,,,,,,,,,,,,99.99,99.99,99.99*30
$GPGSV,3,1,11,01,14,316,47,02,33,317,23,08,41,263,48,10,44,048,45*74
$GPGSV,3,2,11,18,05,129,48,21,43,318,47,23,14,073,,27,37,213,49*73
$GPGSV,3,3,11,28,28,146,,31,10,171,19,32,80,049,48*4E
$GPGLL,,,,,082908.00,V,N*41
$GPRMC,082909.00,V,,,,,,,280823,,,N*74
$GPVTG,,,,,,,,,N*30
$GPGGA,082909.00,,,,,0,00,99.99,,,,,,*6C
$GPGSA,A,1,,,,,,,,,,,,,99.99,99.99,99.99*30
$GPGSV,3,1,11,01,15,316,47,02,33,317,22,08,41,263,48,10,44,048,48*79
$GPGSV,3,2,11,18,05,129,47,21,43,318,47,23,14,073,,27,37,213,48*7D
$GPGSV,3,3,11,28,28,146,,31,10,171,15,32,80,049,47*4D
$GPGLL,,,,,082909.00,V,N*40
$GPRMC,082910.00,V,,,,,,,280823,,,N*7C
$GPVTG,,,,,,,,,N*30
$GPGGA,082910.00,,,,,0,00,99.99,,,,,,*64
$GPGSA,A,1,,,,,,,,,,,,,99.99,99.99,99.99*30
$GPGSV,3,1,11,01,15,316,48,02,34,317,19,08,41,263,49,10,44,048,49*79
$GPGSV,3,2,11,18,05,129,48,21,43,318,48,23,14,073,36,27,37,213,49*79
$GPGSV,3,3,11,28,28,146,22,31,10,171,10,32,80,049,49*46
$GPGLL,,,,,082910.00,V,N*48
$GPRMC,082911.00,V,,,,,,,280823,,,N*7D
$GPVTG,,,,,,,,,N*30
$GPGGA,082911.00,,,,,0,00,99.99,,,,,,*65
$GPGSA,A,1,,,,,,,,,,,,,99.99,99.99,99.99*30
$GPGSV,3,1,11,01,15,316,48,02,34,317,15,08,41,263,49,10,44,048,49*75
$GPGSV,3,2,11,18,05,129,48,21,43,318,48,23,14,073,29,27,37,213,50*7F
$GPGSV,3,3,11,28,28,146,20,31,10,171,09,32,80,049,49*4C
$GPGLL,,,,,082911.00,V,N*49
$GPRMC,082912.00,V,,,,,,,280823,,,N*7E
$GPVTG,,,,,,,,,N*30
$GPGGA,082912.00,,,,,0,00,99.99,,,,,,*66
$GPGSA,A,1,,,,,,,,,,,,,99.99,99.99,99.99*30
$GPGSV,3,1,11,01,15,316,49,02,34,317,09,08,41,263,50,10,44,048,51*78
$GPGSV,3,2,11,18,05,129,50,21,43,318,49,23,14,073,17,27,37,213,51*7B
$GPGSV,3,3,11,28,28,146,20,31,10,171,,32,80,049,50*4D
$GPGLL,,,,,082912.00,V,N*4A
$GPRMC,082913.00,V,,,,,,,280823,,,N*7F
$GPVTG,,,,,,,,,N*30
$GPGGA,082913.00,,,,,0,00,99.99,,,,,,*67
$GPGSA,A,1,,,,,,,,,,,,,99.99,99.99,99.99*30
$GPGSV,3,1,12,01,15,316,49,02,34,317,,08,41,263,50,10,44,048,50*73
$GPGSV,3,2,12,18,05,129,49,21,43,318,49,23,14,073,13,27,37,213,51*74
$GPGSV,3,3,12,28,28,146,20,31,10,171,,32,80,049,49,37,40,227,32*70
$GPGLL,,,,,082913.00,V,N*4B
$GPRMC,082914.00,V,,,,,,,280823,,,N*78
$GPVTG,,,,,,,,,N*30
$GPGGA,082914.00,,,,,0,00,99.99,,,,,,*60
$GPGSA,A,1,,,,,,,,,,,,,99.99,99.99,99.99*30
$GPGSV,3,1,11,01,15,316,49,02,34,317,,08,41,263,51,10,44,048,51*70
$GPGSV,3,2,11,18,05,129,50,21,43,318,49,23,14,073,10,27,37,213,51*7C
$GPGSV,3,3,11,28,28,146,22,31,10,171,,32,80,049,50*4F
$GPGLL,,,,,082914.00,V,N*4C
$GPRMC,082915.00,V,,,,,,,280823,,,N*79
$GPVTG,,,,,,,,,N*30
$GPGGA,082915.00,,,,,0,00,99.99,,,,,,*61
$GPGSA,A,1,,,,,,,,,,,,,99.99,99.99,99.99*30
$GPGSV,3,1,11,01,15,316,48,02,34,317,,08,41,263,49,10,44,048,49*71
$GPGSV,3,2,11,18,05,129,49,21,43,318,48,23,14,073,,27,37,213,50*75
$GPGSV,3,3,11,28,28,146,22,31,10,171,,32,80,049,49*47
$GPGLL,,,,,082915.00,V,N*4D
$GPRMC,082916.00,V,,,,,,,280823,,,N*7A
$GPVTG,,,,,,,,,N*30
$GPGGA,082916.00,,,,,0,00,99.99,,,,,,*62
$GPGSA,A,1,,,,,,,,,,,,,99.99,99.99,99.99*30
$GPGSV,3,1,11,01,15,316,45,02,34,317,,08,41,262,47,10,44,048,47*7D
$GPGSV,3,2,11,18,05,129,46,21,43,318,46,23,14,073,,27,37,213,47*72
$GPGSV,3,3,11,28,28,146,24,31,10,171,,32,80,049,46*4E
$GPGLL,,,,,082916.00,V,N*4E
$GPRMC,082917.00,V,,,,,,,280823,,,N*7B
$GPVTG,,,,,,,,,N*30
$GPGGA,082917.00,,,,,0,00,99.99,,,,,,*63
$GPGSA,A,1,,,,,,,,,,,,,99.99,99.99,99.99*30
$GPGSV,3,1,11,01,15,316,48,02,34,317,,08,41,262,48,10,44,048,49*71
$GPGSV,3,2,11,18,05,129,48,21,43,318,47,23,14,073,,27,37,213,49*73
$GPGSV,3,3,11,28,28,146,25,31,10,171,,32,80,049,48*41
$GPGLL,,,,,082917.00,V,N*4F
$GPRMC,082918.00,V,,,,,,,280823,,,N*74
$GPVTG,,,,,,,,,N*30
$GPGGA,082918.00,,,,,0,00,99.99,,,,,,*6C
$GPGSA,A,1,,,,,,,,,,,,,99.99,99.99,99.99*30
$GPGSV,3,1,11,01,15,316,47,02,34,317,,08,41,262,49,10,44,049,49*7E
$GPGSV,3,2,11,18,05,129,47,21,43,318,47,23,14,073,,27,37,213,49*7C
$GPGSV,3,3,11,28,28,146,26,31,10,171,,32,80,049,48*42
$GPGLL,,,,,082918.00,V,N*40
$GPRMC,082919.00,V,,,,,,,280823,,,N*75
$GPVTG,,,,,,,,,N*30
$GPGGA,082919.00,,,,,0,00,99.99,,,,,,*6D
$GPGSA,A,1,,,,,,,,,,,,,99.99,99.99,99.99*30
$GPGSV,3,1,11,01,15,316,48,02,34,317,,08,41,262,50,10,44,049,50*71
$GPGSV,3,2,11,18,05,129,49,21,43,318,49,23,14,073,,27,37,213,51*75
$GPGSV,3,3,11,28,28,146,26,31,10,171,19,32,80,049,50*43
$GPGLL,,,,,082919.00,V,N*41
$GPRMC,082920.00,V,,,,,,,280823,,,N*7F
$GPVTG,,,,,,,,,N*30
$GPGGA,082920.00,,,,,0,00,99.99,,,,,,*67
$GPGSA,A,1,,,,,,,,,,,,,99.99,99.99,99.99*30
$GPGSV,3,1,11,01,15,316,47,02,34,317,,08,41,262,49,10,44,049,49*7E
$GPGSV,3,2,11,18,05,129,48,21,43,318,47,23,14,073,,27,37,213,48*72
$GPGSV,3,3,11,28,28,146,26,31,10,171,14,32,80,049,47*48
$GPGLL,,,,,082920.00,V,N*4B
$GPRMC,082921.00,V,,,,,,,280823,,,N*7E
$GPVTG,,,,,,,,,N*30
$GPGGA,082921.00,,,,,0,00,99.99,,,,,,*66
$GPGSA,A,1,,,,,,,,,,,,,99.99,99.99,99.99*30
$GPGSV,3,1,11,01,15,316,48,02,34,317,,08,41,262,49,10,44,049,49*71
$GPGSV,3,2,11,18,05,129,48,21,43,318,48,23,14,073,,27,37,213,50*74
$GPGSV,3,3,11,28,28,146,25,31,10,171,,32,80,049,49*40
$GPGLL,,,,,082921.00,V,N*4A
$GPRMC,082922.00,V,,,,,,,280823,,,N*7D
$GPVTG,,,,,,,,,N*30
$GPGGA,082922.00,,,,,0,00,99.99,,,,,,*65
$GPGSA,A,1,,,,,,,,,,,,,99.99,99.99,99.99*30
$GPGSV,3,1,11,01,15,316,48,02,34,317,,08,41,262,49,10,44,049,49*71
$GPGSV,3,2,11,18,05,129,48,21,43,318,48,23,14,073,,27,37,213,50*74
$GPGSV,3,3,11,28,28,146,26,31,10,171,,32,80,049,48*42
$GPGLL,,,,,082922.00,V,N*49
$GPRMC,082923.00,V,,,,,,,280823,,,N*7C
$GPVTG,,,,,,,,,N*30
$GPGGA,082923.00,,,,,0,00,99.99,,,,,,*64
$GPGSA,A,1,,,,,,,,,,,,,99.99,99.99,99.99*30
$GPGSV,3,1,11,01,15,316,48,02,34,317,,08,41,262,48,10,44,049,49*70
$GPGSV,3,2,11,18,05,129,48,21,43,318,47,23,14,073,,27,37,213,49*73
$GPGSV,3,3,11,28,28,146,26,31,10,171,,32,80,049,48*42
$GPGLL,,,,,082923.00,V,N*48
$GPRMC,082924.00,V,,,,,,,280823,,,N*7B
$GPVTG,,,,,,,,,N*30
$GPGGA,082924.00,,,,,0,00,99.99,,,,,,*63
$GPGSA,A,1,,,,,,,,,,,,,99.99,99.99,99.99*30
$GPGSV,3,1,11,01,15,316,49,02,34,317,18,08,41,262,50,10,44,049,50*79
$GPGSV,3,2,11,18,05,129,49,21,43,318,49,23,14,073,,27,37,213,51*75
$GPGSV,3,3,11,28,28,146,25,31,10,171,,32,80,049,50*48
$GPGLL,,,,,082924.00,V,N*4F
$GPRMC,082925.00,V,,,,,,,280823,,,N*7A
$GPVTG,,,,,,,,,N*30
$GPGGA,082925.00,,,,,0,00,99.99,,,,,,*62
$GPGSA,A,1,,,,,,,,,,,,,99.99,99.99,99.99*30
$GPGSV,3,1,11,01,15,316,48,02,34,317,15,08,41,262,49,10,44,049,49*75
$GPGSV,3,2,11,18,05,129,48,21,43,318,48,23,14,073,,27,37,213,49*7C
$GPGSV,3,3,11,28,28,146,25,31,10,171,,32,80,049,48*41
$GPGLL,,,,,082925.00,V,N*4E
$GPRMC,082926.00,V,,,,,,,280823,,,N*79
$GPVTG,,,,,,,,,N*30
$GPGGA,082926.00,,,,,0,00,99.99,,,,,,*61
$GPGSA,A,1,,,,,,,,,,,,,99.99,99.99,99.99*30
$GPGSV,3,1,11,01,15,316,48,02,34,317,07,08,41,262,49,10,44,049,49*76
$GPGSV,3,2,11,18,05,129,48,21,43,318,47,23,14,073,,27,37,213,49*73
$GPGSV,3,3,11,28,28,146,26,31,10,171,,32,80,049,48*42
$GPGLL,,,,,082926.00,V,N*4D
$GPRMC,082927.00,V,,,,,,,280823,,,N*78
$GPVTG,,,,,,,,,N*30
$GPGGA,082927.00,,,,,0,00,99.99,,,,,,*60
$GPGSA,A,1,,,,,,,,,,,,,99.99,99.99,99.99*30
$GPGSV,3,1,11,01,15,316,48,02,34,317,,08,41,262,49,10,44,049,49*71
$GPGSV,3,2,11,18,05,129,48,21,43,318,48,23,14,073,,27,37,213,50*74
$GPGSV,3,3,11,28,28,146,26,31,10,171,23,32,80,049,48*43
$GPGLL,,,,,082927.00,V,N*4C
$GPRMC,082928.00,V,,,,,,,280823,,,N*77
$GPVTG,,,,,,,,,N*30
$GPGGA,082928.00,,,,,0,00,99.99,,,,,,*6F
$GPGSA,A,1,,,,,,,,,,,,,99.99,99.99,99.99*30
$GPGSV,3,1,11,01,15,316,48,02,34,317,,08,41,262,49,10,44,049,49*71
$GPGSV,3,2,11,18,05,129,48,21,43,318,47,23,14,073,,27,37,213,49*73
$GPGSV,3,3,11,28,28,146,26,31,10,171,19,32,80,049,48*4A
$GPGLL,,,,,082928.00,V,N*43
$GPRMC,082929.00,V,,,,,,,280823,,,N*76
$GPVTG,,,,,,,,,N*30
$GPGGA,082929.00,,,,,0,00,99.99,,,,,,*6E
$GPGSA,A,1,,,,,,,,,,,,,99.99,99.99,99.99*30
$GPGSV,3,1,11,01,15,316,48,02,34,317,,08,41,262,49,10,44,049,49*71
$GPGSV,3,2,11,18,05,129,48,21,43,318,48,23,14,073,,27,37,213,49*7C
$GPGSV,3,3,11,28,28,146,25,31,10,171,14,32,80,049,48*44
$GPGLL,,,,,082929.00,V,N*42
$GPRMC,082930.00,V,,,,,,,280823,,,N*7E
$GPVTG,,,,,,,,,N*30
$GPGGA,082930.00,,,,,0,00,99.99,,,,,,*66
$GPGSA,A,1,,,,,,,,,,,,,99.99,99.99,99.99*30
$GPGSV,3,1,11,01,15,316,47,02,34,317,,08,41,262,48,10,44,049,48*7E
$GPGSV,3,2,11,18,05,129,47,21,43,318,47,23,14,073,,27,37,213,49*7C
$GPGSV,3,3,11,28,28,146,26,31,10,171,14,32,80,049,48*47
$GPGLL,,,,,082930.00,V,N*4A
$GPRMC,082931.00,V,,,,,,,280823,,,N*7F
$GPVTG,,,,,,,,,N*30
$GPGGA,082931.00,,,,,0,00,99.99,,,,,,*67
$GPGSA,A,1,,,,,,,,,,,,,99.99,99.99,99.99*30
$GPGSV,3,1,11,01,15,316,48,02,34,317,,08,41,262,49,10,44,049,50*79
$GPGSV,3,2,11,18,05,129,49,21,43,318,48,23,13,074,,27,37,213,50*75
$GPGSV,3,3,11,28,28,146,26,31,10,171,14,32,80,049,49*46
$GPGLL,,,,,082931.00,V,N*4B
$GPRMC,082932.00,V,,,,,,,280823,,,N*7C
$GPVTG,,,,,,,,,N*30
$GPGGA,082932.00,,,,,0,00,99.99,,,,,,*64
$GPGSA,A,1,,,,,,,,,,,,,99.99,99.99,99.99*30
$GPGSV,3,1,11,01,15,316,47,02,34,317,19,08,41,262,48,10,44,049,48*76
$GPGSV,3,2,11,18,05,129,48,21,43,318,47,23,13,074,,27,37,213,49*73
$GPGSV,3,3,11,28,28,146,26,31,10,171,13,32,80,049,48*40
$GPGLL,,,,,082932.00,V,N*48
$GPRMC,082933.00,V,,,,,,,280823,,,N*7D
$GPVTG,,,,,,,,,N*30
$GPGGA,082933.00,,,,,0,00,99.99,,,,,,*65
$GPGSA,A,1,,,,,,,,,,,,,99.99,99.99,99.99*30
$GPGSV,3,1,11,01,15,316,49,02,34,317,18,08,41,262,51,10,44,049,51*79
$GPGSV,3,2,11,18,05,129,50,21,43,318,49,23,13,074,,27,37,213,51*7D
$GPGSV,3,3,11,28,28,146,26,31,10,171,09,32,80,049,50*42
$GPGLL,,,,,082933.00,V,N*49
$GPRMC,082934.00,V,,,,,,,280823,,,N*7A
$GPVTG,,,,,,,,,N*30
$GPGGA,082934.00,,,,,0,00,99.99,,,,,,*62
$GPGSA,A,1,,,,,,,,,,,,,99.99,99.99,99.99*30
$GPGSV,3,1,11,01,15,316,48,02,34,317,15,08,41,262,50,10,44,049,50*75
$GPGSV,3,2,11,18,05,129,49,21,43,318,48,23,13,074,,27,37,213,50*75
$GPGSV,3,3,11,28,28,146,26,31,10,171,,32,80,049,49*43
$GPGLL,,,,,082934.00,V,N*4E
$GPRMC,082935.00,V,,,,,,,280823,,,N*7B
$GPVTG,,,,,,,,,N*30
$GPGGA,082935.00,,,,,0,00,99.99,,,,,,*63
$GPGSA,A,1,,,,,,,,,,,,,99.99,99.99,99.99*30
$GPGSV,3,1,11,01,15,316,40,02,34,317,08,08,41,262,41,10,44,049,42*72
$GPGSV,3,2,11,18,05,129,40,21,43,318,40,23,13,074,,27,37,213,41*74
$GPGSV,3,3,11,28,28,146,25,31,10,171,20,32,80,049,40*4B
$GPGLL,,,,,082935.00,V,N*4F
$GPRMC,082936.00,V,,,,,,,280823,,,N*78
$GPVTG,,,,,,,,,N*30
$GPGGA,082936.00,,,,,0,00,99.99,,,,,,*60
$GPGSA,A,1,,,,,,,,,,,,,99.99,99.99,99.99*30
$GPGSV,3,1,11,01,15,316,50,02,34,317,,08,41,262,51,10,44,049,51*78
$GPGSV,3,2,11,18,05,129,50,21,43,318,49,23,13,074,,27,37,213,51*7D
$GPGSV,3,3,11,28,28,145,26,31,10,171,16,32,80,049,50*4F
$GPGLL,,,,,082936.00,V,N*4C
$GPRMC,082937.00,V,,,,,,,280823,,,N*79
$GPVTG,,,,,,,,,N*30
$GPGGA,082937.00,,,,,0,00,99.99,,,,,,*61
$GPGSA,A,1,,,,,,,,,,,,,99.99,99.99,99.99*30
$GPGSV,3,1,11,01,15,316,49,02,34,317,,08,41,262,50,10,44,049,50*70
$GPGSV,3,2,11,18,05,129,49,21,43,318,49,23,13,074,,27,37,213,50*74
$GPGSV,3,3,11,28,28,145,26,31,10,171,10,32,80,049,49*41
$GPGLL,,,,,082937.00,V,N*4D
$GPRMC,082938.00,V,,,,,,,280823,,,N*76
$GPVTG,,,,,,,,,N*30
$GPGGA,082938.00,,,,,0,00,99.99,,,,,,*6E
$GPGSA,A,1,,,,,,,,,,,,,99.99,99.99,99.99*30
$GPGSV,3,1,11,01,15,316,14,02,34,317,22,08,41,262,34,10,44,049,32*7E
$GPGSV,3,2,11,18,05,129,33,21,43,318,31,23,13,074,27,27,37,213,31*74
$GPGSV,3,3,11,28,28,145,06,31,10,171,28,32,80,049,33*45
$GPGLL,,,,,082938.00,V,N*42
$GPRMC,082939.00,V,,,,,,,280823,,,N*77
$GPVTG,,,,,,,,,N*30
$GPGGA,082939.00,,,,,0,00,99.99,,,,,,*6F
$GPGSA,A,1,,,,,,,,,,,,,99.99,99.99,99.99*30
$GPGSV,3,1,11,01,15,316,19,02,34,317,22,08,41,262,30,10,44,049,31*74
$GPGSV,3,2,11,18,05,129,30,21,43,318,22,23,13,074,24,27,37,213,31*76
$GPGSV,3,3,11,28,28,145,05,31,10,171,26,32,80,049,30*4B
$GPGLL,,,,,082939.00,V,N*43
$GPRMC,082940.00,V,,,,,,,280823,,,N*79
$GPVTG,,,,,,,,,N*30
$GPGGA,082940.00,,,,,0,00,99.99,,,,,,*61
$GPGSA,A,1,,,,,,,,,,,,,99.99,99.99,99.99*30
$GPGSV,3,1,11,01,15,316,22,02,34,317,,08,41,262,48,10,44,049,48*7D
$GPGSV,3,2,11,18,05,129,47,21,43,318,48,23,13,074,,27,37,213,48*72
$GPGSV,3,3,11,28,28,145,19,31,10,171,,32,79,047,48*45
$GPGLL,,,,,082940.00,V,N*4D
$GPRMC,082941.00,V,,,,,,,280823,,,N*78
$GPVTG,,,,,,,,,N*30
$GPGGA,082941.00,,,,,0,00,99.99,,,,,,*60
$GPGSA,A,1,,,,,,,,,,,,,99.99,99.99,99.99*30
$GPGSV,3,1,11,01,15,316,23,02,34,317,,08,41,262,50,10,44,049,50*7C
$GPGSV,3,2,11,18,05,129,49,21,43,318,49,23,13,074,,27,37,213,48*7D
$GPGSV,3,3,11,28,28,145,,31,10,171,,32,79,047,50*44
$GPGLL,,,,,082941.00,V,N*4C
$GPRMC,082942.00,V,,,,,,,280823,,,N*7B
$GPVTG,,,,,,,,,N*30
$GPGGA,082942.00,,,,,0,00,99.99,,,,,,*63
$GPGSA,A,1,,,,,,,,,,,,,99.99,99.99,99.99*30
$GPGSV,3,1,11,01,15,316,24,02,34,317,,08,41,262,50,10,44,049,50*7B
$GPGSV,3,2,11,18,05,129,49,21,43,318,48,23,13,074,,27,37,213,48*7C
$GPGSV,3,3,11,28,28,145,,31,10,171,,32,79,047,49*4C
$GPGLL,,,,,082942.00,V,N*4F
$GPRMC,082943.00,V,,,,,,,280823,,,N*7A
$GPVTG,,,,,,,,,N*30
$GPGGA,082943.00,,,,,0,00,99.99,,,,,,*62
$GPGSA,A,1,,,,,,,,,,,,,99.99,99.99,99.99*30
$GPGSV,3,1,11,01,15,316,,02,34,317,,08,41,262,50,10,44,049,50*7D
$GPGSV,3,2,11,18,05,129,49,21,43,318,49,23,13,074,30,27,37,213,37*76
$GPGSV,3,3,11,28,28,145,,31,10,171,,32,79,047,50*44
$GPGLL,,,,,082943.00,V,N*4E
$GPRMC,082944.00,V,,,,,,,280823,,,N*7D
$GPVTG,,,,,,,,,N*30
$GPGGA,082944.00,,,,,0,00,99.99,,,,,,*65
$GPGSA,A,1,,,,,,,,,,,,,99.99,99.99,99.99*30
$GPGSV,3,1,11,01,15,316,23,02,34,317,24,08,41,262,49,10,44,049,49*7A
$GPGSV,3,2,11,18,05,129,48,21,43,318,48,23,13,074,36,27,37,213,46*76
$GPGSV,3,3,11,28,28,145,,31,10,171,,32,79,047,48*4D
$GPGLL,,,,,082944.00,V,N*49
$GPRMC,082945.00,V,,,,,,,280823,,,N*7C
$GPVTG,,,,,,,,,N*30
$GPGGA,082945.00,,,,,0,00,99.99,,,,,,*64
$GPGSA,A,1,,,,,,,,,,,,,99.99,99.99,99.99*30
$GPGSV,3,1,11,01,15,316,48,02,34,317,21,08,41,262,49,10,44,049,49*72
$GPGSV,3,2,11,18,05,129,48,21,43,318,48,23,13,074,,27,37,213,47*72
$GPGSV,3,3,11,28,28,145,36,31,10,171,,32,79,047,49*49
$GPGLL,,,,,082945.00,V,N*48
$GPRMC,082946.00,V,,,,,,,280823,,,N*7F
$GPVTG,,,,,,,,,N*30
$GPGGA,082946.00,,,,,0,00,99.99,,,,,,*67
$GPGSA,A,1,,,,,,,,,,,,,99.99,99.99,99.99*30
$GPGSV,3,1,11,01,15,316,46,02,34,317,15,08,41,262,49,10,44,049,49*7B
$GPGSV,3,2,11,18,05,129,48,21,43,318,48,23,13,074,,27,37,213,49*7C
$GPGSV,3,3,11,28,28,145,,31,10,171,,32,79,047,48*4D
$GPGLL,,,,,082946.00,V,N*4B
$GPRMC,082947.00,V,,,,,,,280823,,,N*7E
$GPVTG,,,,,,,,,N*30
$GPGGA,082947.00,,,,,0,00,99.99,,,,,,*66
$GPGSA,A,1,,,,,,,,,,,,,99.99,99.99,99.99*30
$GPGSV,3,1,11,01,15,316,46,02,34,317,,08,41,262,50,10,44,049,51*7E
$GPGSV,3,2,11,18,05,129,49,21,43,318,49,23,13,074,29,27,37,213,51*7E
$GPGSV,3,3,11,28,28,145,,31,10,171,23,32,79,047,50*45
$GPGLL,,,,,082947.00,V,N*4A
$GPRMC,082948.00,V,,,,,,,280823,,,N*71
$GPVTG,,,,,,,,,N*30
$GPGGA,082948.00,,,,,0,00,99.99,,,,,,*69
$GPGSA,A,1,,,,,,,,,,,,,99.99,99.99,99.99*30
$GPGSV,3,1,11,01,15,316,45,02,34,317,,08,41,262,49,10,44,049,50*74
$GPGSV,3,2,11,18,05,129,49,21,43,318,48,23,13,074,28,27,37,213,50*7F
$GPGSV,3,3,11,28,28,145,35,31,10,171,19,32,79,047,49*42
$GPGLL,,,,,082948.00,V,N*45
$GPRMC,082949.00,V,,,,,,,280823,,,N*70
$GPVTG,,,,,,,,,N*30
$GPGGA,082949.00,,,,,0,00,99.99,,,,,,*68
$GPGSA,A,1,,,,,,,,,,,,,99.99,99.99,99.99*30
$GPGSV,3,1,11,01,15,316,45,02,34,317,,08,41,262,49,10,44,049,50*74
$GPGSV,3,2,11,18,05,129,49,21,43,318,48,23,13,074,,27,37,213,50*75
$GPGSV,3,3,11,28,28,145,,31,10,171,10,32,79,047,49*4D
$GPGLL,,,,,082949.00,V,N*44
$GPRMC,082950.00,V,,,,,,,280823,,,N*78
$GPVTG,,,,,,,,,N*30
$GPGGA,082950.00,,,,,0,00,99.99,,,,,,*60
$GPGSA,A,1,,,,,,,,,,,,,99.99,99.99,99.99*30
$GPGSV,3,1,11,01,15,316,49,02,34,317,,08,41,262,50,10,44,049,50*70
$GPGSV,3,2,11,18,05,129,49,21,43,318,48,23,13,074,,27,37,213,50*75
$GPGSV,3,3,11,28,28,145,,31,10,171,24,32,79,047,49*4A
$GPGLL,,,,,082950.00,V,N*4C
$GPRMC,082951.00,V,,,,,,,280823,,,N*79
$GPVTG,,,,,,,,,N*30
$GPGGA,082951.00,,,,,0,00,99.99,,,,,,*61
$GPGSA,A,1,,,,,,,,,,,,,99.99,99.99,99.99*30
$GPGSV,3,1,11,01,15,316,46,02,34,317,,08,41,262,47,10,44,049,48*70
$GPGSV,3,2,11,18,05,129,47,21,43,318,47,23,13,074,,27,37,213,48*7D
$GPGSV,3,3,11,28,28,145,,31,10,171,,32,79,047,47*42
$GPGLL,,,,,082951.00,V,N*4D
$GPRMC,082952.00,V,,,,,,,280823,,,N*7A
$GPVTG,,,,,,,,,N*30
$GPGGA,082952.00,,,,,0,00,99.99,,,,,,*62
$GPGSA,A,1,,,,,,,,,,,,,99.99,99.99,99.99*30
$GPGSV,3,1,11,01,15,316,47,02,34,317,,08,41,262,48,10,44,049,49*7F
$GPGSV,3,2,11,18,05,129,48,21,43,318,47,23,13,074,,27,37,213,49*73
$GPGSV,3,3,11,28,28,145,36,31,10,171,19,32,79,047,48*40
$GPGLL,,,,,082952.00,V,N*4E
$GPRMC,082953.00,V,,,,,,,280823,,,N*7B
$GPVTG,,,,,,,,,N*30
$GPGGA,082953.00,,,,,0,00,99.99,,,,,,*63
$GPGSA,A,1,,,,,,,,,,,,,99.99,99.99,99.99*30
$GPGSV,3,1,11,01,15,316,48,02,34,317,22,08,41,262,49,10,44,049,49*71
$GPGSV,3,2,11,18,05,129,48,21,43,318,48,23,13,074,,27,37,213,49*7C
$GPGSV,3,3,11,28,28,145,,31,10,171,14,32,79,047,49*49
$GPGLL,,,,,082953.00,V,N*4F
$GPRMC,082954.00,V,,,,,,,280823,,,N*7C
$GPVTG,,,,,,,,,N*30
$GPGGA,082954.00,,,,,0,00,99.99,,,,,,*64
$GPGSA,A,1,,,,,,,,,,,,,99.99,99.99,99.99*30
$GPGSV,3,1,11,01,15,316,48,02,34,317,21,08,41,262,49,10,44,049,49*72
$GPGSV,3,2,11,18,05,129,48,21,43,318,48,23,13,074,,27,37,213,49*7C
$GPGSV,3,3,11,28,28,145,27,31,10,171,05,32,79,047,49*4C
$GPGLL,,,,,082954.00,V,N*48
$GPRMC,082955.00,V,,,,,,,280823,,,N*7D
$GPVTG,,,,,,,,,N*30
$GPGGA,082955.00,,,,,0,00,99.99,,,,,,*65
$GPGSA,A,1,,,,,,,,,,,,,99.99,99.99,99.99*30
$GPGSV,3,1,11,01,15,316,48,02,34,317,16,08,41,262,49,10,44,049,49*76
$GPGSV,3,2,11,18,05,129,48,21,43,318,48,23,13,074,,27,37,213,49*7C
$GPGSV,3,3,11,28,28,145,24,31,10,171,23,32,79,047,48*4A
$GPGLL,,,,,082955.00,V,N*49
$GPRMC,082956.00,V,,,,,,,280823,,,N*7E
$GPVTG,,,,,,,,,N*30
$GPGGA,082956.00,,,,,0,00,99.99,,,,,,*66
$GPGSA,A,1,,,,,,,,,,,,,99.99,99.99,99.99*30
$GPGSV,3,1,11,01,15,316,47,02,34,317,08,08,41,262,47,10,44,049,48*79
$GPGSV,3,2,11,18,05,129,47,21,43,318,46,23,13,074,35,27,37,213,48*7A
$GPGSV,3,3,11,28,28,145,35,31,10,171,20,32,79,047,47*46
$GPGLL,,,,,082956.00,V,N*4A
$GPRMC,082957.00,V,,,,,,,280823,,,N*7F
$GPVTG,,,,,,,,,N*30
$GPGGA,082957.00,,,,,0,00,99.99,,,,,,*67
$GPGSA,A,1,,,,,,,,,,,,,99.99,99.99,99.99*30
$GPGSV,3,1,11,01,15,316,48,02,34,317,,08,41,262,49,10,44,049,49*71
$GPGSV,3,2,11,18,05,129,48,21,43,318,47,23,13,074,,27,37,213,49*73
$GPGSV,3,3,11,28,28,145,,31,10,171,17,32,79,047,48*4B
$GPGLL,,,,,082957.00,V,N*4B
$GPRMC,082958.00,V,,,,,,,280823,,,N*70
$GPVTG,,,,,,,,,N*30
$GPGGA,082958.00,,,,,0,00,99.99,,,,,,*68
$GPGSA,A,1,,,,,,,,,,,,,99.99,99.99,99.99*30
$GPGSV,3,1,11,01,15,316,48,02,34,317,23,08,41,262,50,10,44,049,50*70
$GPGSV,3,2,11,18,05,129,49,21,43,318,48,23,13,074,,27,37,213,50*75
$GPGSV,3,3,11,28,28,145,,31,10,171,15,32,79,047,49*48
$GPGLL,,,,,082958.00,V,N*44
$GPRMC,082959.00,V,,,,,,,280823,,,N*71
$GPVTG,,,,,,,,,N*30
$GPGGA,082959.00,,,,,0,00,99.99,,,,,,*69
$GPGSA,A,1,,,,,,,,,,,,,99.99,99.99,99.99*30
$GPGSV,3,1,11,01,15,316,48,02,34,317,22,08,41,262,49,10,44,049,50*79
$GPGSV,3,2,11,18,05,129,49,21,43,318,48,23,13,074,,27,37,213,50*75
$GPGSV,3,3,11,28,28,145,,31,10,171,,32,79,047,49*4C
$GPGLL,,,,,082959.00,V,N*45
$GPRMC,083000.00,V,,,,,,,280823,,,N*75
$GPVTG,,,,,,,,,N*30
$GPGGA,083000.00,,,,,0,00,99.99,,,,,,*6D
$GPGSA,A,1,,,,,,,,,,,,,99.99,99.99,99.99*30
$GPGSV,3,1,11,01,15,316,48,02,34,317,21,08,41,262,49,10,44,049,49*72
$GPGSV,3,2,11,18,05,129,48,21,43,318,48,23,13,074,,27,37,213,50*74
$GPGSV,3,3,11,28,28,145,,31,10,171,17,32,79,047,49*4A
$GPGLL,,,,,083000.00,V,N*41
$GPRMC,083001.00,V,,,,,,,280823,,,N*74
$GPVTG,,,,,,,,,N*30
$GPGGA,083001.00,,,,,0,00,99.99,,,,,,*6C
$GPGSA,A,1,,,,,,,,,,,,,99.99,99.99,99.99*30
$GPGSV,3,1,11,01,15,316,48,02,34,317,16,08,41,262,49,10,44,049,49*76
$GPGSV,3,2,11,18,05,129,48,21,43,318,48,23,13,074,,27,37,213,50*74
$GPGSV,3,3,11,28,28,145,,31,10,171,11,32,79,047,49*4C
$GPGLL,,,,,083001.00,V,N*40
$GPRMC,083002.00,V,,,,,,,280823,,,N*77
$GPVTG,,,,,,,,,N*30
$GPGGA,083002.00,,,,,0,00,99.99,,,,,,*6F
$GPGSA,A,1,,,,,,,,,,,,,99.99,99.99,99.99*30
$GPGSV,3,1,11,01,15,316,48,02,34,317,07,08,41,262,49,10,44,049,49*76
$GPGSV,3,2,11,18,05,129,48,21,43,318,48,23,13,074,,27,37,213,49*7C
$GPGSV,3,3,11,28,28,145,,31,10,171,,32,79,047,48*4D
$GPGLL,,,,,083002.00,V,N*43
$GPRMC,083003.00,V,,,,,,,280823,,,N*76
$GPVTG,,,,,,,,,N*30
$GPGGA,083003.00,,,,,0,00,99.99,,,,,,*6E
$GPGSA,A,1,,,,,,,,,,,,,99.99,99.99,99.99*30
$GPGSV,3,1,11,01,15,316,49,02,34,317,25,08,41,262,50,10,44,049,50*77
$GPGSV,3,2,11,18,05,129,49,21,43,318,49,23,13,074,,27,37,213,50*74
$GPGSV,3,3,11,28,28,145,,31,10,171,,32,79,047,49*4C
$GPGLL,,,,,083003.00,V,N*42
$GPRMC,083004.00,V,,,,,,,280823,,,N*71
$GPVTG,,,,,,,,,N*30
$GPGGA,083004.00,,,,,0,00,99.99,,,,,,*69
$GPGSA,A,1,,,,,,,,,,,,,99.99,99.99,99.99*30
$GPGSV,3,1,11,01,15,316,48,02,34,317,23,08,41,262,49,10,44,049,50*78
$GPGSV,3,2,11,18,05,129,49,21,43,318,48,23,13,074,20,27,37,213,50*77
$GPGSV,3,3,11,28,28,145,,31,10,171,,32,79,047,49*4C
$GPGLL,,,,,083004.00,V,N*45
$GPRMC,083005.00,V,,,,,,,280823,,,N*70
$GPVTG,,,,,,,,,N*30
$GPGGA,083005.00,,,,,0,00,99.99,,,,,,*68
$GPGSA,A,1,,,,,,,,,,,,,99.99,99.99,99.99*30
$GPGSV,3,1,11,01,15,316,48,02,34,317,20,08,41,262,50,10,44,049,49*7B
$GPGSV,3,2,11,18,05,129,49,21,43,318,48,23,13,074,16,27,37,213,50*72
$GPGSV,3,3,11,28,28,145,,31,10,171,23,32,79,047,49*4D
$GPGLL,,,,,083005.00,V,N*44
$GPRMC,083006.00,V,,,,,,,280823,,,N*73
$GPVTG,,,,,,,,,N*30
$GPGGA,083006.00,,,,,0,00,99.99,,,,,,*6B
$GPGSA,A,1,,,,,,,,,,,,,99.99,99.99,99.99*30
$GPGSV,3,1,11,01,15,316,48,02,34,317,14,08,41,262,49,10,44,049,50*7C
$GPGSV,3,2,11,18,05,129,49,21,43,318,48,23,13,074,,27,37,213,50*75
$GPGSV,3,3,11,28,28,145,,31,10,171,20,32,79,047,49*4E
$GPGLL,,,,,083006.00,V,N*47
$GPRMC,083007.00,V,,,,,,,280823,,,N*72
$GPVTG,,,,,,,,,N*30
$GPGGA,083007.00,,,,,0,00,99.99,,,,,,*6A
$GPGSA,A,1,,,,,,,,,,,,,99.99,99.99,99.99*30
$GPGSV,3,1,11,01,15,316,48,02,34,317,07,08,41,262,49,10,44,049,49*76
$GPGSV,3,2,11,18,05,129,48,21,43,318,48,23,13,074,19,27,37,213,50*7C
$GPGSV,3,3,11,28,28,145,,31,10,171,17,32,79,047,49*4A
$GPGLL,,,,,083007.00,V,N*46
$GPRMC,083008.00,V,,,,,,,280823,,,N*7D
$GPVTG,,,,,,,,,N*30
$GPGGA,083008.00,,,,,0,00,99.99,,,,,,*65
$GPGSA,A,1,,,,,,,,,,,,,99.99,99.99,99.99*30
$GPGSV,3,1,11,01,15,316,49,02,34,317,20,08,41,262,50,10,44,049,50*72
$GPGSV,3,2,11,18,05,129,50,21,43,318,49,23,13,074,15,27,37,213,50*78
$GPGSV,3,3,11,28,28,145,,31,10,171,16,32,79,047,50*43
$GPGLL,,,,,083008.00,V,N*49
$GPRMC,083009.00,V,,,,,,,280823,,,N*7C
$GPVTG,,,,,,,,,N*30
$GPGGA,083009.00,,,,,0,00,99.99,,,,,,*64
$GPGSA,A,1,,,,,,,,,,,,,99.99,99.99,99.99*30
$GPGSV,3,1,11,01,15,316,46,02,34,317,19,08,41,262,47,10,44,049,47*77
$GPGSV,3,2,11,18,05,129,46,21,43,318,46,23,13,074,,27,37,213,47*72
$GPGSV,3,3,11,28,28,145,,31,10,171,11,32,79,047,46*43
$GPGLL,,,,,083009.00,V,N*48
$GPRMC,083010.00,V,,,,,,,280823,,,N*74
$GPVTG,,,,,,,,,N*30
$GPGGA,083010.00,,,,,0,00,99.99,,,,,,*6C
$GPGSA,A,1,,,,,,,,,,,,,99.99,99.99,99.99*30
$GPGSV,3,1,11,01,15,316,49,02,34,317,16,08,41,262,50,10,44,049,50*77
$GPGSV,3,2,11,18,05,129,49,21,43,318,49,23,13,074,,27,37,213,50*74
$GPGSV,3,3,11,28,28,145,,31,10,171,,32,79,047,49*4C
$GPGLL,,,,,083010.00,V,N*40
$GPRMC,083011.00,V,,,,,,,280823,,,N*75
$GPVTG,,,,,,,,,N*30
$GPGGA,083011.00,,,,,0,00,99.99,,,,,,*6D
$GPGSA,A,1,,,,,,,,,,,,,99.99,99.99,99.99*30
$GPGSV,3,1,11,01,15,316,49,02,34,317,09,08,41,262,50,10,44,049,50*79
$GPGSV,3,2,11,18,05,129,49,21,43,318,49,23,13,074,,27,37,213,51*75
$GPGSV,3,3,11,28,28,145,20,31,10,171,,32,79,047,50*46
$GPGLL,,,,,083011.00,V,N*41
$GPRMC,083012.00,V,,,,,,,280823,,,N*76
$GPVTG,,,,,,,,,N*30
$GPGGA,083012.00,,,,,0,00,99.99,,,,,,*6E
$GPGSA,A,1,,,,,,,,,,,,,99.99,99.99,99.99*30
$GPGSV,3,1,11,01,15,316,49,02,34,317,,08,41,262,50,10,44,049,50*70
$GPGSV,3,2,11,18,05,129,49,21,43,318,49,23,13,074,,27,37,213,50*74
$GPGSV,3,3,11,28,28,145,19,31,10,171,,32,79,047,49*44
$GPGLL,,,,,083012.00,V,N*42
$GPRMC,083013.00,V,,,,,,,280823,,,N*77
$GPVTG,,,,,,,,,N*30
$GPGGA,083013.00,,,,,0,00,99.99,,,,,,*6F
$GPGSA,A,1,,,,,,,,,,,,,99.99,99.99,99.99*30
$GPGSV,3,1,11,01,15,316,48,02,34,317,24,08,41,262,50,10,44,049,50*77
$GPGSV,3,2,11,18,05,129,49,21,43,318,49,23,13,074,22,27,37,213,50*74
$GPGSV,3,3,11,28,28,145,17,31,10,171,,32,79,047,49*4A
$GPGLL,,,,,083013.00,V,N*43
$GPRMC,083014.00,V,,,,,,,280823,,,N*70
$GPVTG,,,,,,,,,N*30
$GPGGA,083014.00,,,,,0,00,99.99,,,,,,*68
$GPGSA,A,1,,,,,,,,,,,,,99.99,99.99,99.99*30
$GPGSV,3,1,11,01,15,316,47,02,34,317,22,08,41,262,48,10,44,049,48*7E
$GPGSV,3,2,11,18,05,129,47,21,43,318,46,23,13,074,18,27,37,213,48*75
$GPGSV,3,3,11,28,28,145,09,31,10,171,,32,79,047,47*4B
$GPGLL,,,,,083014.00,V,N*44
$GPRMC,083015.00,V,,,,,,,280823,,,N*71
$GPVTG,,,,,,,,,N*30
$GPGGA,083015.00,,,,,0,00,99.99,,,,,,*69
$GPGSA,A,1,,,,,,,,,,,,,99.99,99.99,99.99*30
$GPGSV,3,1,11,01,15,316,48,02,34,317,18,08,41,262,49,10,44,049,49*78
$GPGSV,3,2,11,18,05,129,48,21,43,318,48,23,13,074,12,27,37,213,49*7F
$GPGSV,3,3,11,28,28,145,,31,10,171,,32,79,047,48*4D
$GPGLL,,,,,083015.00,V,N*45
$GPRMC,083016.00,V,,,,,,,280823,,,N*72
$GPVTG,,,,,,,,,N*30
$GPGGA,083016.00,,,,,0,00,99.99,,,,,,*6A
$GPGSA,A,1,,,,,,,,,,,,,99.99,99.99,99.99*30
$GPGSV,3,1,11,01,15,316,48,02,34,317,11,08,41,262,49,10,44,049,49*71
$GPGSV,3,2,11,18,05,129,48,21,43,318,48,23,13,074,,27,37,213,49*7C
$GPGSV,3,3,11,28,28,145,,31,10,171,,32,79,047,49*4C
$GPGLL,,,,,083016.00,V,N*46
$GPRMC,083017.00,V,,,,,,,280823,,,N*73
$GPVTG,,,,,,,,,N*30
$GPGGA,083017.00,,,,,0,00,99.99,,,,,,*6B
$GPGSA,A,1,,,,,,,,,,,,,99.99,99.99,99.99*30
$GPGSV,3,1,11,01,15,316,48,02,34,317,,08,41,262,49,10,44,049,49*71
$GPGSV,3,2,11,18,05,129,49,21,43
