0,03,12,234,48,08,76,298,49*70
$GPGSV,3,2,11,10,38,059,49,18,06,050,48,23,08,081,,27,63,149,50*7C
$GPGSV,3,3,11,28,05,324,48,31,18,167,,32,70,036,47*44
$GPGLL,,,,,085105.00,V,N*43
$GPRMC,085106.00,V,,,,,,,280823,,,N*74
$GPVTG,,,,,,,,,N*30
$GPGGA,085106.00,,,,,0,00,99.99,,,,,,*6C
$GPGSA,A,1,,,,,,,,,,,,,99.99,99.99,99.99*30
$GPGSV,3,1,11,01,23,318,48,02,42,317,31,03,12,234,47,08,76,298,48*7E
$GPGSV,3,2,11,10,38,059,48,18,06,050,47,23,08,081,36,27,63,149,48*7E
$GPGSV,3,3,11,28,05,324,47,31,18,167,,32,70,036,49*45
$GPGLL,,,,,085106.00,V,N*40
$GPRMC,085107.00,V,,,,,,,280823,,,N*75
$GPVTG,,,,,,,,,N*30
$GPGGA,085107.00,,,,,0,00,99.99,,,,,,*6D
$GPGSA,A,1,,,,,,,,,,,,,99.99,99.99,99.99*30
$GPGSV,3,1,11,01,23,318,48,02,42,317,30,03,12,234,47,08,76,298,49*7E
$GPGSV,3,2,11,10,38,059,48,18,06,050,47,23,08,081,20,27,63,149,49*78
$GPGSV,3,3,11,28,05,324,47,31,18,167,,32,70,036,48*44
$GPGLL,,,,,085107.00,V,N*41
$GPRMC,085108.00,V,,,,,,,280823,,,N*7A
$GPVTG,,,,,,,,,N*30
$GPGGA,085108.00,,,,,0,00,99.99,,,,,,*62
$GPGSA,A,1,,,,,,,,,,,,,99.99,99.99,99.99*30
$GPGSV,3,1,11,01,23,318,47,02,42,317,29,03,12,234,47,08,76,298,48*78
$GPGSV,3,2,11,10,38,059,48,18,06,050,47,23,08,081,,27,63,149,48*7B
$GPGSV,3,3,11,28,05,324,47,31,18,167,,32,70,036,48*44
$GPGLL,,,,,085108.00,V,N*4E
$GPRMC,085109.00,V,,,,,,,280823,,,N*7B
$GPVTG,,,,,,,,,N*30
$GPGGA,085109.00,,,,,0,00,99.99,,,,,,*63
$GPGSA,A,1,,,,,,,,,,,,,99.99,99.99,99.99*30
$GPGSV,3,1,11,01,23,318,48,02,42,317,30,03,12,234,47,08,76,298,49*7E
$GPGSV,3,2,11,10,38,059,49,18,06,050,47,23,08,081,27,27,63,149,49*7E
$GPGSV,3,3,11,28,05,324,47,31,18,167,,32,70,036,49*45
$GPGLL,,,,,085109.00,V,N*4F
$GPRMC,085110.00,V,,,,,,,280823,,,N*73
$GPVTG,,,,,,,,,N*30
$GPGGA,085110.00,,,,,0,00,99.99,,,,,,*6B
$GPGSA,A,1,,,,,,,,,,,,,99.99,99.99,99.99*30
$GPGSV,3,1,11,01,23,318,46,02,42,317,29,03,12,234,46,08,76,298,48*78
$GPGSV,3,2,11,10,38,059,47,18,06,050,46,23,08,081,24,27,63,149,47*7C
$GPGSV,3,3,11,28,05,324,45,31,18,167,,32,70,036,47*49
$GPGLL,,,,,085110.00,V,N*47
$GPRMC,085111.00,V,,,,,,,280823,,,N*72
$GPVTG,,,,,,,,,N*30
$GPGGA,085111.00,,,,,0,00,99.99,,,,,,*6A
$GPGSA,A,1,,,,,,,,,,,,,99.99,99.99,99.99*30
$GPGSV,3,1,11,01,23,318,47,02,42,317,30,03,12,234,46,08,76,298,47*7E
$GPGSV,3,2,11,10,38,059,47,18,06,050,46,23,08,081,,27,63,149,48*75
$GPGSV,3,3,11,28,05,324,46,31,18,167,,32,70,036,47*4A
$GPGLL,,,,,085111.00,V,N*46
$GPRMC,085112.00,V,,,,,,,280823,,,N*71
$GPVTG,,,,,,,,,N*30
$GPGGA,085112.00,,,,,0,00,99.99,,,,,,*69
$GPGSA,A,1,,,,,,,,,,,,,99.99,99.99,99.99*30
$GPGSV,3,1,11,01,23,318,47,02,42,317,30,03,12,234,46,08,76,298,48*71
$GPGSV,3,2,11,10,38,059,47,18,06,050,46,23,08,081,,27,62,150,48*7C
$GPGSV,3,3,11,28,05,324,46,31,18,167,,32,70,036,47*4A
$GPGLL,,,,,085112.00,V,N*45
$GPRMC,085113.00,V,,,,,,,280823,,,N*70
$GPVTG,,,,,,,,,N*30
$GPGGA,085113.00,,,,,0,00,99.99,,,,,,*68
$GPGSA,A,1,,,,,,,,,,,,,99.99,99.99,99.99*30
$GPGSV,3,1,11,01,23,318,48,02,42,317,30,03,12,234,47,08,76,298,49*7E
$GPGSV,3,2,11,10,38,059,48,18,06,050,47,23,08,081,,27,62,150,48*72
$GPGSV,3,3,11,28,05,324,47,31,18,167,,32,70,036,48*44
$GPGLL,,,,,085113.00,V,N*44
$GPRMC,085114.00,V,,,,,,,280823,,,N*77
$GPVTG,,,,,,,,,N*30
$GPGGA,085114.00,,,,,0,00,99.99,,,,,,*6F
$GPGSA,A,1,,,,,,,,,,,,,99.99,99.99,99.99*30
$GPGSV,3,1,11,01,23,318,47,02,42,317,32,03,12,234,47,08,76,298,48*72
$GPGSV,3,2,11,10,38,059,47,18,06,050,47,23,08,081,,27,62,150,48*7D
$GPGSV,3,3,11,28,05,324,46,31,18,167,,32,70,036,48*45
$GPGLL,,,,,085114.00,V,N*43
$GPRMC,085115.00,V,,,,,,,280823,,,N*76
$GPVTG,,,,,,,,,N*30
$GPGGA,085115.00,,,,,0,00,99.99,,,,,,*6E
$GPGSA,A,1,,,,,,,,,,,,,99.99,99.99,99.99*30
$GPGSV,3,1,11,01,23,318,47,02,42,317,34,03,12,234,46,08,76,298,48*75
$GPGSV,3,2,11,10,38,059,47,18,06,050,47,23,08,081,,27,62,150,48*7D
$GPGSV,3,3,11,28,05,324,46,31,18,167,,32,70,036,48*45
$GPGLL,,,,,085115.00,V,N*42
$GPRMC,085116.00,V,,,,,,,280823,,,N*75
$GPVTG,,,,,,,,,N*30
$GPGGA,085116.00,,,,,0,00,99.99,,,,,,*6D
$GPGSA,A,1,,,,,,,,,,,,,99.99,99.99,99.99*30
$GPGSV,3,1,11,01,23,318,45,02,42,317,37,03,12,234,44,08,76,298,45*7B
$GPGSV,3,2,11,10,38,059,45,18,06,050,43,23,08,081,,27,62,150,45*76
$GPGSV,3,3,11,28,05,324,43,31,18,167,,32,70,036,45*4D
$GPGLL,,,,,085116.00,V,N*41
$GPRMC,085117.00,V,,,,,,,280823,,,N*74
$GPVTG,,,,,,,,,N*30
$GPGGA,085117.00,,,,,0,00,99.99,,,,,,*6C
$GPGSA,A,1,,,,,,,,,,,,,99.99,99.99,99.99*30
$GPGSV,3,1,11,01,23,318,48,02,42,317,37,03,12,234,47,08,76,298,49*79
$GPGSV,3,2,11,10,38,059,48,18,06,050,47,23,08,081,,27,62,150,48*72
$GPGSV,3,3,11,28,05,324,47,31,18,167,,32,69,036,48*4C
$GPGLL,,,,,085117.00,V,N*40
$GPRMC,085118.00,V,,,,,,,280823,,,N*7B
$GPVTG,,,,,,,,,N*30
$GPGGA,085118.00,,,,,0,00,99.99,,,,,,*63
$GPGSA,A,1,,,,,,,,,,,,,99.99,99.99,99.99*30
$GPGSV,3,1,11,01,23,318,46,02,42,317,37,03,12,234,45,08,76,298,46*7A
$GPGSV,3,2,11,10,38,059,46,18,06,050,45,23,08,081,,27,62,150,47*71
$GPGSV,3,3,11,28,05,324,45,31,18,167,35,32,69,036,47*47
$GPGLL,,,,,085118.00,V,N*4F
$GPRMC,085119.00,V,,,,,,,280823,,,N*7A
$GPVTG,,,,,,,,,N*30
$GPGGA,085119.00,,,,,0,00,99.99,,,,,,*62
$GPGSA,A,1,,,,,,,,,,,,,99.99,99.99,99.99*30
$GPGSV,3,1,11,01,23,318,47,02,42,317,37,03,12,234,46,08,76,298,48*76
$GPGSV,3,2,11,10,38,059,48,18,06,050,47,23,08,081,,27,62,150,48*72
$GPGSV,3,3,11,28,05,324,46,31,18,167,,32,69,036,47*42
$GPGLL,,,,,085119.00,V,N*4E
$GPRMC,085120.00,V,,,,,,,280823,,,N*70
$GPVTG,,,,,,,,,N*30
$GPGGA,085120.00,,,,,0,00,99.99,,,,,,*68
$GPGSA,A,1,,,,,,,,,,,,,99.99,99.99,99.99*30
$GPGSV,3,1,11,01,23,318,48,02,42,317,35,03,12,234,47,08,76,298,49*7B
$GPGSV,3,2,11,10,38,059,48,18,06,050,47,23,08,081,,27,62,150,48*72
$GPGSV,3,3,11,28,05,324,47,31,18,167,,32,69,036,48*4C
$GPGLL,,,,,085120.00,V,N*44
$GPRMC,085121.00,V,,,,,,,280823,,,N*71
$GPVTG,,,,,,,,,N*30
$GPGGA,085121.00,,,,,0,00,99.99,,,,,,*69
$GPGSA,A,1,,,,,,,,,,,,,99.99,99.99,99.99*30
$GPGSV,3,1,11,01,23,318,49,02,42,317,29,03,12,234,48,08,76,298,50*70
$GPGSV,3,2,11,10,38,059,49,18,06,050,48,23,08,081,,27,62,150,49*7D
$GPGSV,3,3,11,28,05,324,48,31,18,167,,32,69,036,49*42
$GPGLL,,,,,085121.00,V,N*45
$GPRMC,085122.00,V,,,,,,,280823,,,N*72
$GPVTG,,,,,,,,,N*30
$GPGGA,085122.00,,,,,0,00,99.99,,,,,,*6A
$GPGSA,A,1,,,,,,,,,,,,,99.99,99.99,99.99*30
$GPGSV,3,1,11,01,23,318,48,02,42,317,26,03,12,234,47,08,76,298,49*79
$GPGSV,3,2,11,10,38,059,48,18,06,050,47,23,08,081,,27,62,150,49*73
$GPGSV,3,3,11,28,05,324,47,31,18,167,30,32,69,036,48*4F
$GPGLL,,,,,085122.00,V,N*46
$GPRMC,085123.00,V,,,,,,,280823,,,N*73
$GPVTG,,,,,,,,,N*30
$GPGGA,085123.00,,,,,0,00,99.99,,,,,,*6B
$GPGSA,A,1,,,,,,,,,,,,,99.99,99.99,99.99*30
$GPGSV,3,1,11,01,23,318,46,02,42,317,27,03,12,234,45,08,76,298,46*7B
$GPGSV,3,2,11,10,38,059,46,18,06,050,45,23,08,081,,27,62,150,47*71
$GPGSV,3,3,11,28,05,324,45,31,18,167,25,32,69,036,46*47
$GPGLL,,,,,085123.00,V,N*47
$GPRMC,085124.00,V,,,,,,,280823,,,N*74
$GPVTG,,,,,,,,,N*30
$GPGGA,085124.00,,,,,0,00,99.99,,,,,,*6C
$GPGSA,A,1,,,,,,,,,,,,,99.99,99.99,99.99*30
$GPGSV,3,1,11,01,23,318,46,02,42,317,32,03,12,234,45,08,76,298,47*7E
$GPGSV,3,2,11,10,38,059,46,18,06,050,45,23,08,081,27,27,62,150,47*74
$GPGSV,3,3,11,28,05,324,45,31,18,167,,32,69,036,47*41
$GPGLL,,,,,085124.00,V,N*40
$GPRMC,085125.00,V,,,,,,,280823,,,N*75
$GPVTG,,,,,,,,,N*30
$GPGGA,085125.00,,,,,0,00,99.99,,,,,,*6D
$GPGSA,A,1,,,,,,,,,,,,,99.99,99.99,99.99*30
$GPGSV,3,1,11,01,23,318,49,02,42,317,32,03,12,234,48,08,76,298,50*7A
$GPGSV,3,2,11,10,38,059,48,18,06,050,47,23,08,081,,27,62,150,49*73
$GPGSV,3,3,11,28,05,324,47,31,18,167,,32,69,036,49*4D
$GPGLL,,,,,085125.00,V,N*41
$GPRMC,085126.00,V,,,,,,,280823,,,N*76
$GPVTG,,,,,,,,,N*30
$GPGGA,085126.00,,,,,0,00,99.99,,,,,,*6E
$GPGSA,A,1,,,,,,,,,,,,,99.99,99.99,99.99*30
$GPGSV,3,1,11,01,23,318,47,02,42,317,33,03,12,234,47,08,76,298,49*72
$GPGSV,3,2,11,10,38,059,47,18,06,050,46,23,08,081,,27,62,150,48*7C
$GPGSV,3,3,11,28,05,324,47,31,18,167,,32,69,036,48*4C
$GPGLL,,,,,085126.00,V,N*42
$GPRMC,085127.00,V,,,,,,,280823,,,N*77
$GPVTG,,,,,,,,,N*30
$GPGGA,085127.00,,,,,0,00,99.99,,,,,,*6F
$GPGSA,A,1,,,,,,,,,,,,,99.99,99.99,99.99*30
$GPGSV,3,1,11,01,23,318,50,02,42,317,31,03,12,234,49,08,76,298,51*71
$GPGSV,3,2,11,10,38,059,50,18,06,050,49,23,08,081,,27,62,150,50*7C
$GPGSV,3,3,11,28,05,324,48,31,18,167,,32,69,036,50*4A
$GPGLL,,,,,085127.00,V,N*43
$GPRMC,085128.00,V,,,,,,,280823,,,N*78
$GPVTG,,,,,,,,,N*30
$GPGGA,085128.00,,,,,0,00,99.99,,,,,,*60
$GPGSA,A,1,,,,,,,,,,,,,99.99,99.99,99.99*30
$GPGSV,3,1,12,01,23,318,49,02,42,317,31,03,12,234,48,08,76,298,50*7A
$GPGSV,3,2,12,10,38,059,49,18,06,050,48,23,08,081,,27,62,150,50*76
$GPGSV,3,3,12,28,05,324,48,31,18,167,,32,69,036,49,39,42,223,32*7F
$GPGLL,,,,,085128.00,V,N*4C
$GPRMC,085129.00,V,,,,,,,280823,,,N*79
$GPVTG,,,,,,,,,N*30
$GPGGA,085129.00,,,,,0,00,99.99,,,,,,*61
$GPGSA,A,1,,,,,,,,,,,,,99.99,99.99,99.99*30
$GPGSV,3,1,11,01,23,318,45,02,42,317,35,03,12,234,45,08,76,298,46*7B
$GPGSV,3,2,11,10,38,059,46,18,06,050,44,23,08,081,,27,62,150,46*71
$GPGSV,3,3,11,28,05,324,44,31,18,167,,32,69,036,46*41
$GPGLL,,,,,085129.00,V,N*4D
$GPRMC,085130.00,V,,,,,,,280823,,,N*71
$GPVTG,,,,,,,,,N*30
$GPGGA,085130.00,,,,,0,00,99.99,,,,,,*69
$GPGSA,A,1,,,,,,,,,,,,,99.99,99.99,99.99*30
$GPGSV,3,1,11,01,23,318,44,02,42,317,35,03,12,234,44,08,76,298,45*78
$GPGSV,3,2,11,10,38,059,45,18,06,050,44,23,08,081,,27,62,150,45*71
$GPGSV,3,3,11,28,05,324,44,31,18,167,,32,69,036,45*42
$GPGLL,,,,,085130.00,V,N*45
$GPRMC,085131.00,V,,,,,,,280823,,,N*70
$GPVTG,,,,,,,,,N*30
$GPGGA,085131.00,,,,,0,00,99.99,,,,,,*68
$GPGSA,A,1,,,,,,,,,,,,,99.99,99.99,99.99*30
$GPGSV,3,1,11,01,23,318,50,02,42,317,40,03,12,234,50,08,76,298,52*7C
$GPGSV,3,2,11,10,38,059,51,18,06,050,49,23,08,081,,27,62,150,51*7C
$GPGSV,3,3,11,28,05,324,50,31,18,167,,32,69,036,51*42
$GPGLL,,,,,085131.00,V,N*44
$GPRMC,085132.00,V,,,,,,,280823,,,N*73
$GPVTG,,,,,,,,,N*30
$GPGGA,085132.00,,,,,0,00,99.99,,,,,,*6B
$GPGSA,A,1,,,,,,,,,,,,,99.99,99.99,99.99*30
$GPGSV,3,1,11,01,23,318,43,02,42,317,36,03,12,234,42,08,76,298,44*7B
$GPGSV,3,2,11,10,38,059,43,18,06,050,42,23,08,081,01,27,62,150,44*71
$GPGSV,3,3,11,28,05,324,42,31,18,167,,32,69,036,44*45
$GPGLL,,,,,085132.00,V,N*47
$GPRMC,085133.00,V,,,,,,,280823,,,N*72
$GPVTG,,,,,,,,,N*30
$GPGGA,085133.00,,,,,0,00,99.99,,,,,,*6A
$GPGSA,A,1,,,,,,,,,,,,,99.99,99.99,99.99*30
$GPGSV,3,1,11,01,23,318,48,02,42,317,37,03,12,234,48,08,76,298,49*76
$GPGSV,3,2,11,10,38,059,49,18,06,050,47,23,08,081,,27,62,150,49*72
$GPGSV,3,3,11,28,05,324,47,31,18,167,38,32,69,036,48*47
$GPGLL,,,,,085133.00,V,N*46
$GPRMC,085134.00,V,,,,,,,280823,,,N*75
$GPVTG,,,,,,,,,N*30
$GPGGA,085134.00,,,,,0,00,99.99,,,,,,*6D
$GPGSA,A,1,,,,,,,,,,,,,99.99,99.99,99.99*30
$GPGSV,3,1,11,01,23,318,48,02,42,317,36,03,12,234,47,08,76,298,48*79
$GPGSV,3,2,11,10,38,059,47,18,06,050,47,23,08,081,,27,62,150,48*7D
$GPGSV,3,3,11,28,05,324,47,31,18,167,,32,69,036,49*4D
$GPGLL,,,,,085134.00,V,N*41
$GPRMC,085135.00,V,,,,,,,280823,,,N*74
$GPVTG,,,,,,,,,N*30
$GPGGA,085135.00,,,,,0,00,99.99,,,,,,*6C
$GPGSA,A,1,,,,,,,,,,,,,99.99,99.99,99.99*30
$GPGSV,3,1,11,01,23,318,50,02,42,317,34,03,12,234,49,08,76,298,51*74
$GPGSV,3,2,11,10,38,059,50,18,06,050,49,23,08,081,34,27,62,150,50*7B
$GPGSV,3,3,11,28,05,324,49,31,18,167,,32,69,036,50*4B
$GPGLL,,,,,085135.00,V,N*40
$GPRMC,085136.00,V,,,,,,,280823,,,N*77
$GPVTG,,,,,,,,,N*30
$GPGGA,085136.00,,,,,0,00,99.99,,,,,,*6F
$GPGSA,A,1,,,,,,,,,,,,,99.99,99.99,99.99*30
$GPGSV,3,1,11,01,23,318,49,02,42,317,35,03,12,234,48,08,76,298,51*7C
$GPGSV,3,2,11,10,38,059,49,18,06,050,48,23,08,081,,27,62,150,50*75
$GPGSV,3,3,11,28,05,324,48,31,18,167,,32,69,036,50*4A
$GPGLL,,,,,085136.00,V,N*43
$GPRMC,085137.00,V,,,,,,,280823,,,N*76
$GPVTG,,,,,,,,,N*30
$GPGGA,085137.00,,,,,0,00,99.99,,,,,,*6E
$GPGSA,A,1,,,,,,,,,,,,,99.99,99.99,99.99*30
$GPGSV,3,1,11,01,23,318,49,02,42,317,29,03,12,234,48,08,76,298,49*78
$GPGSV,3,2,11,10,38,059,49,18,06,050,48,23,08,081,,27,62,150,50*75
$GPGSV,3,3,11,28,05,324,48,31,18,167,22,32,69,036,49*42
$GPGLL,,,,,085137.00,V,N*42
$GPRMC,085138.00,V,,,,,,,280823,,,N*79
$GPVTG,,,,,,,,,N*30
$GPGGA,085138.00,,,,,0,00,99.99,,,,,,*61
$GPGSA,A,1,,,,,,,,,,,,,99.99,99.99,99.99*30
$GPGSV,3,1,11,01,23,318,45,02,42,317,30,03,12,234,45,08,76,298,46*7E
$GPGSV,3,2,11,10,38,059,45,18,06,050,44,23,08,081,,27,62,150,45*71
$GPGSV,3,3,11,28,05,324,45,31,18,167,20,32,69,036,46*42
$GPGLL,,,,,085138.00,V,N*4D
$GPRMC,085139.00,V,,,,,,,280823,,,N*78
$GPVTG,,,,,,,,,N*30
$GPGGA,085139.00,,,,,0,00,99.99,,,,,,*60
$GPGSA,A,1,,,,,,,,,,,,,99.99,99.99,99.99*30
$GPGSV,3,1,11,01,23,318,48,02,42,317,30,03,12,234,47,08,76,298,49*7E
$GPGSV,3,2,11,10,38,059,48,18,06,050,47,23,08,081,,27,62,150,49*73
$GPGSV,3,3,11,28,05,324,47,31,18,167,16,32,69,036,49*4A
$GPGLL,,,,,085139.00,V,N*4C
$GPRMC,085140.00,V,,,,,,,280823,,,N*76
$GPVTG,,,,,,,,,N*30
$GPGGA,085140.00,,,,,0,00,99.99,,,,,,*6E
$GPGSA,A,1,,,,,,,,,,,,,99.99,99.99,99.99*30
$GPGSV,3,1,11,01,23,318,46,02,42,317,28,03,12,234,45,08,76,298,47*75
$GPGSV,3,2,11,10,38,059,46,18,06,050,45,23,08,081,18,27,62,150,47*78
$GPGSV,3,3,11,28,05,324,45,31,18,167,15,32,69,036,47*45
$GPGLL,,,,,085140.00,V,N*42
$GPRMC,085141.00,V,,,,,,,280823,,,N*77
$GPVTG,,,,,,,,,N*30
$GPGGA,085141.00,,,,,0,00,99.99,,,,,,*6F
$GPGSA,A,1,,,,,,,,,,,,,99.99,99.99,99.99*30
$GPGSV,3,1,11,01,23,318,47,02,42,317,28,03,12,234,47,08,76,298,49*78
$GPGSV,3,2,11,10,38,059,48,18,06,050,47,23,08,081,15,27,62,150,49*77
$GPGSV,3,3,11,28,05,324,47,31,18,167,13,32,69,036,48*4E
$GPGLL,,,,,085141.00,V,N*43
$GPRMC,085142.00,V,,,,,,,280823,,,N*74
$GPVTG,,,,,,,,,N*30
$GPGGA,085142.00,,,,,0,00,99.99,,,,,,*6C
$GPGSA,A,1,,,,,,,,,,,,,99.99,99.99,99.99*30
$GPGSV,3,1,11,01,23,318,46,02,42,317,27,03,12,234,45,08,76,298,47*7A
$GPGSV,3,2,11,10,38,059,46,18,06,050,45,23,08,081,07,27,62,150,47*76
$GPGSV,3,3,11,28,05,324,45,31,18,167,09,32,69,036,46*49
$GPGLL,,,,,085142.00,V,N*40
$GPRMC,085143.00,V,,,,,,,280823,,,N*75
$GPVTG,,,,,,,,,N*30
$GPGGA,085143.00,,,,,0,00,99.99,,,,,,*6D
$GPGSA,A,1,,,,,,,,,,,,,99.99,99.99,99.99*30
$GPGSV,3,1,11,01,23,318,50,02,42,317,32,03,12,234,49,08,76,298,51*72
$GPGSV,3,2,11,10,38,059,50,18,06,050,49,23,08,081,,27,62,150,51*7D
$GPGSV,3,3,11,28,05,324,49,31,18,167,,32,69,036,50*4B
$GPGLL,,,,,085143.00,V,N*41
$GPRMC,085144.00,V,,,,,,,280823,,,N*72
$GPVTG,,,,,,,,,N*30
$GPGGA,085144.00,,,,,0,00,99.99,,,,,,*6A
$GPGSA,A,1,,,,,,,,,,,,,99.99,99.99,99.99*30
$GPGSV,3,1,11,01,23,318,48,02,42,317,30,03,12,234,48,08,76,298,49*71
$GPGSV,3,2,11,10,38,059,49,18,06,050,48,23,08,081,,27,62,150,49*7D
$GPGSV,3,3,11,28,05,324,47,31,18,167,,32,69,036,49*4D
$GPGLL,,,,,085144.00,V,N*46
$GPRMC,085145.00,V,,,,,,,280823,,,N*73
$GPVTG,,,,,,,,,N*30
$GPGGA,085145.00,,,,,0,00,99.99,,,,,,*6B
$GPGSA,A,1,,,,,,,,,,,,,99.99,99.99,99.99*30
$GPGSV,3,1,11,01,23,318,49,02,42,317,32,03,12,234,48,08,76,298,50*7A
$GPGSV,3,2,11,10,38,059,49,18,06,050,48,23,08,081,,27,62,150,50*75
$GPGSV,3,3,11,28,05,324,48,31,18,167,,32,69,036,50*4A
$GPGLL,,,,,085145.00,V,N*47
$GPRMC,085146.00,V,,,,,,,280823,,,N*70
$GPVTG,,,,,,,,,N*30
$GPGGA,085146.00,,,,,0,00,99.99,,,,,,*68
$GPGSA,A,1,,,,,,,,,,,,,99.99,99.99,99.99*30
$GPGSV,3,1,11,01,23,318,49,02,42,317,30,03,12,234,48,08,76,298,50*78
$GPGSV,3,2,11,10,38,059,49,18,06,050,48,23,08,081,18,27,62,150,49*74
$GPGSV,3,3,11,28,05,324,48,31,18,167,,32,69,036,49*42
$GPGLL,,,,,085146.00,V,N*44
$GPRMC,085147.00,V,,,,,,,280823,,,N*71
$GPVTG,,,,,,,,,N*30
$GPGGA,085147.00,,,,,0,00,99.99,,,,,,*69
$GPGSA,A,1,,,,,,,,,,,,,99.99,99.99,99.99*30
$GPGSV,3,1,11,01,23,318,47,02,42,317,29,03,12,234,46,08,76,298,48*79
$GPGSV,3,2,11,10,38,059,47,18,06,050,46,23,08,081,16,27,62,150,47*74
$GPGSV,3,3,11,28,05,324,46,31,18,167,17,32,69,036,48*4B
$GPGLL,,,,,085147.00,V,N*45
$GPRMC,085148.00,V,,,,,,,280823,,,N*7E
$GPVTG,,,,,,,,,N*30
$GPGGA,085148.00,,,,,0,00,99.99,,,,,,*66
$GPGSA,A,1,,,,,,,,,,,,,99.99,99.99,99.99*30
$GPGSV,3,1,11,01,23,318,47,02,42,317,29,03,12,234,47,08,76,298,49*79
$GPGSV,3,2,11,10,38,059,48,18,06,050,46,23,08,081,,27,62,150,48*73
$GPGSV,3,3,11,28,05,324,46,31,18,167,10,32,69,036,48*4C
$GPGLL,,,,,085148.00,V,N*4A
$GPRMC,085149.00,V,,,,,,,280823,,,N*7F
$GPVTG,,,,,,,,,N*30
$GPGGA,085149.00,,,,,0,00,99.99,,,,,,*67
$GPGSA,A,1,,,,,,,,,,,,,99.99,99.99,99.99*30
$GPGSV,3,1,11,01,23,318,48,02,42,317,29,03,12,234,47,08,76,298,49*76
$GPGSV,3,2,11,10,38,059,48,18,06,050,47,23,08,081,,27,62,150,49*73
$GPGSV,3,3,11,28,05,324,47,31,18,167,,32,69,036,48*4C
$GPGLL,,,,,085149.00,V,N*4B
$GPRMC,085150.00,V,,,,,,,280823,,,N*77
$GPVTG,,,,,,,,,N*30
$GPGGA,085150.00,,,,,0,00,99.99,,,,,,*6F
$GPGSA,A,1,,,,,,,,,,,,,99.99,99.99,99.99*30
$GPGSV,3,1,11,01,23,318,48,02,42,317,39,03,12,234,47,08,76,298,49*77
$GPGSV,3,2,11,10,38,059,48,18,06,050,47,23,08,081,,27,62,150,48*72
$GPGSV,3,3,11,28,05,324,47,31,18,167,18,32,69,036,49*44
$GPGLL,,,,,085150.00,V,N*43
$GPRMC,085151.00,V,,,,,,,280823,,,N*76
$GPVTG,,,,,,,,,N*30
$GPGGA,085151.00,,,,,0,00,99.99,,,,,,*6E
$GPGSA,A,1,,,,,,,,,,,,,99.99,99.99,99.99*30
$GPGSV,3,1,11,01,23,318,47,02,42,317,31,03,12,234,47,08,76,298,48*71
$GPGSV,3,2,11,10,38,059,47,18,06,050,46,23,08,081,,27,62,150,48*7C
$GPGSV,3,3,11,28,05,324,46,31,18,167,15,32,69,036,47*46
$GPGLL,,,,,085151.00,V,N*42
$GPRMC,085152.00,V,,,,,,,280823,,,N*75
$GPVTG,,,,,,,,,N*30
$GPGGA,085152.00,,,,,0,00,99.99,,,,,,*6D
$GPGSA,A,1,,,,,,,,,,,,,99.99,99.99,99.99*30
$GPGSV,3,1,11,01,23,318,47,02,42,317,30,03,12,234,47,08,76,298,48*70
$GPGSV,3,2,11,10,38,059,47,18,06,050,46,23,08,081,38,27,62,150,48*77
$GPGSV,3,3,11,28,05,324,46,31,18,167,11,32,69,036,48*4D
$GPGLL,,,,,085152.00,V,N*41
$GPRMC,085153.00,V,,,,,,,280823,,,N*74
$GPVTG,,,,,,,,,N*30
$GPGGA,085153.00,,,,,0,00,99.99,,,,,,*6C
$GPGSA,A,1,,,,,,,,,,,,,99.99,99.99,99.99*30
$GPGSV,3,1,11,01,23,318,49,02,42,317,33,03,12,234,48,08,76,298,50*7B
$GPGSV,3,2,11,10,38,059,49,18,06,050,48,23,08,081,,27,62,150,50*75
$GPGSV,3,3,11,28,05,324,48,31,18,167,08,32,69,036,49*4A
$GPGLL,,,,,085153.00,V,N*40
$GPRMC,085154.00,V,,,,,,,280823,,,N*73
$GPVTG,,,,,,,,,N*30
$GPGGA,085154.00,,,,,0,00,99.99,,,,,,*6B
$GPGSA,A,1,,,,,,,,,,,,,99.99,99.99,99.99*30
$GPGSV,3,1,11,01,23,318,48,02,42,317,33,03,12,234,47,08,76,298,49*7D
$GPGSV,3,2,11,10,38,059,48,18,06,050,47,23,08,081,,27,62,150,48*72
$GPGSV,3,3,11,28,05,324,47,31,18,167,07,32,69,036,48*4B
$GPGLL,,,,,085154.00,V,N*47
$GPRMC,085155.00,V,,,,,,,280823,,,N*72
$GPVTG,,,,,,,,,N*30
$GPGGA,085155.00,,,,,0,00,99.99,,,,,,*6A
$GPGSA,A,1,,,,,,,,,,,,,99.99,99.99,99.99*30
$GPGSV,3,1,11,01,23,318,46,02,42,317,33,03,12,234,46,08,76,298,47*7C
$GPGSV,3,2,11,10,38,059,47,18,06,050,46,23,08,081,,27,62,150,47*73
$GPGSV,3,3,11,28,05,324,45,31,18,167,07,32,69,036,47*46
$GPGLL,,,,,085155.00,V,N*46
$GPRMC,085156.00,V,,,,,,,280823,,,N*71
$GPVTG,,,,,,,,,N*30
$GPGGA,085156.00,,,,,0,00,99.99,,,,,,*69
$GPGSA,A,1,,,,,,,,,,,,,99.99,99.99,99.99*30
$GPGSV,3,1,11,01,25,296,46,02,42,317,34,03,12,234,45,08,76,298,47*79
$GPGSV,3,2,11,10,38,059,46,18,06,050,45,23,08,081,,27,62,150,47*71
$GPGSV,3,3,11,28,05,324,45,31,18,167,,32,47,098,46*48
$GPGLL,,,,,085156.00,V,N*45
$GPRMC,085157.00,V,,,,,,,280823,,,N*70
$GPVTG,,,,,,,,,N*30
$GPGGA,085157.00,,,,,0,00,99.99,,,,,,*68
$GPGSA,A,1,,,,,,,,,,,,,99.99,99.99,99.99*30
$GPGSV,3,1,11,01,25,296,48,02,42,317,34,03,12,234,47,08,76,298,49*7B
$GPGSV,3,2,11,10,38,059,48,18,06,050,47,23,08,081,23,27,62,150,49*72
$GPGSV,3,3,11,28,05,324,47,31,18,167,,32,47,098,49*45
$GPGLL,,,,,085157.00,V,N*44
$GPRMC,085158.00,V,,,,,,,280823,,,N*7F
$GPVTG,,,,,,,,,N*30
$GPGGA,085158.00,,,,,0,00,99.99,,,,,,*67
$GPGSA,A,1,,,,,,,,,,,,,99.99,99.99,99.99*30
$GPGSV,3,1,11,01,25,296,48,02,43,317,33,03,12,234,48,08,76,298,49*72
$GPGSV,3,2,11,10,38,059,49,18,06,050,48,23,08,081,18,27,62,150,49*74
$GPGSV,3,3,11,28,05,324,47,31,18,167,,32,47,098,49*45
$GPGLL,,,,,085158.00,V,N*4B
$GPRMC,085159.00,V,,,,,,,280823,,,N*7E
$GPVTG,,,,,,,,,N*30
$GPGGA,085159.00,,,,,0,00,99.99,,,,,,*66
$GPGSA,A,1,,,,,,,,,,,,,99.99,99.99,99.99*30
$GPGSV,3,1,11,01,25,296,49,02,43,317,32,03,12,234,48,08,76,298,49*72
$GPGSV,3,2,11,10,38,059,49,18,06,050,48,23,08,081,13,27,62,150,49*7F
$GPGSV,3,3,11,28,05,324,47,31,18,167,,32,47,098,49*45
$GPGLL,,,,,085159.00,V,N*4A
$GPRMC,085200.00,V,,,,,,,280823,,,N*71
$GPVTG,,,,,,,,,N*30
$GPGGA,085200.00,,,,,0,00,99.99,,,,,,*69
$GPGSA,A,1,,,,,,,,,,,,,99.99,99.99,99.99*30
$GPGSV,3,1,11,01,25,296,46,02,43,317,31,03,12,234,45,08,76,298,46*7C
$GPGSV,3,2,11,10,38,059,46,18,06,050,45,23,08,081,08,27,62,150,46*78
$GPGSV,3,3,11,28,05,324,45,31,18,167,,32,47,098,46*48
$GPGLL,,,,,085200.00,V,N*45
$GPRMC,085201.00,V,,,,,,,280823,,,N*70
$GPVTG,,,,,,,,,N*30
$GPGGA,085201.00,,,,,0,00,99.99,,,,,,*68
$GPGSA,A,1,,,,,,,,,,,,,99.99,99.99,99.99*30
$GPGSV,3,1,11,01,25,296,46,02,43,317,33,03,12,234,45,08,76,298,46*7E
$GPGSV,3,2,11,10,38,059,46,18,06,050,45,23,08,081,09,27,62,150,46*79
$GPGSV,3,3,11,28,05,324,45,31,18,167,,32,47,098,46*48
$GPGLL,,,,,085201.00,V,N*44
$GPRMC,085202.00,V,,,,,,,280823,,,N*73
$GPVTG,,,,,,,,,N*30
$GPGGA,085202.00,,,,,0,00,99.99,,,,,,*6B
$GPGSA,A,1,,,,,,,,,,,,,99.99,99.99,99.99*30
$GPGSV,3,1,11,01,25,296,49,02,43,317,31,03,12,234,49,08,76,298,50*78
$GPGSV,3,2,11,10,33,042,50,18,06,050,49,23,08,081,,27,62,150,50*7D
$GPGSV,3,3,11,28,05,324,48,31,18,167,,32,47,098,50*42
$GPGLL,,,,,085202.00,V,N*47
$GPRMC,085203.00,V,,,,,,,280823,,,N*72
$GPVTG,,,,,,,,,N*30
$GPGGA,085203.00,,,,,0,00,99.99,,,,,,*6A
$GPGSA,A,1,,,,,,,,,,,,,99.99,99.99,99.99*30
$GPGSV,3,1,11,01,25,296,49,02,43,317,31,03,12,234,49,08,76,298,50*78
$GPGSV,3,2,11,10,33,042,49,18,06,050,48,23,08,081,,27,62,150,50*74
$GPGSV,3,3,11,28,05,324,48,31,18,167,,32,47,098,50*42
$GPGLL,,,,,085203.00,V,N*46
$GPRMC,085204.00,V,,,,,,,280823,,,N*75
$GPVTG,,,,,,,,,N*30
$GPGGA,085204.00,,,,,0,00,99.99,,,,,,*6D
$GPGSA,A,1,,,,,,,,,,,,,99.99,99.99,99.99*30
$GPGSV,3,1,11,01,25,296,46,02,43,317,29,03,12,234,45,08,77,296,47*7B
$GPGSV,3,2,11,10,33,042,46,18,06,050,45,23,08,081,,27,62,150,47*70
$GPGSV,3,3,11,28,05,324,45,31,18,167,,32,47,098,47*49
$GPGLL,,,,,085204.00,V,N*41
$GPRMC,085205.00,V,,,,,,,280823,,,N*74
$GPVTG,,,,,,,,,N*30
$GPGGA,085205.00,,,,,0,00,99.99,,,,,,*6C
$GPGSA,A,1,,,,,,,,,,,,,99.99,99.99,99.99*30
$GPGSV,3,1,11,01,25,296,47,02,43,317,34,03,12,234,46,08,77,296,47*75
$GPGSV,3,2,11,10,33,042,47,18,06,050,46,23,08,081,,27,62,150,47*72
$GPGSV,3,3,11,28,05,324,46,31,18,167,,32,47,098,47*4A
$GPGLL,,,,,085205.00,V,N*40
$GPRMC,085206.00,V,,,,,,,280823,,,N*77
$GPVTG,,,,,,,,,N*30
$GPGGA,085206.00,,,,,0,00,99.99,,,,,,*6F
$GPGSA,A,1,,,,,,,,,,,,,99.99,99.99,99.99*30
$GPGSV,3,1,11,01,25,296,48,02,43,317,32,03,12,234,48,08,77,296,49*7C
$GPGSV,3,2,11,10,33,042,49,18,06,050,47,23,08,081,,27,62,150,49*73
$GPGSV,3,3,11,28,05,324,47,31,18,167,,32,47,098,49*45
$GPGLL,,,,,085206.00,V,N*43
$GPRMC,085207.00,V,,,,,,,280823,,,N*76
$GPVTG,,,,,,,,,N*30
$GPGGA,085207.00,,,,,0,00,99.99,,,,,,*6E
$GPGSA,A,1,,,,,,,,,,,,,99.99,99.99,99.99*30
$GPGSV,3,1,11,01,25,296,45,02,43,317,31,03,12,234,43,08,77,296,45*75
$GPGSV,3,2,11,10,33,042,44,18,06,050,44,23,08,081,,27,62,150,45*71
$GPGSV,3,3,11,28,05,324,43,31,18,167,,32,47,098,45*4D
$GPGLL,,,,,085207.00,V,N*42
$GPRMC,085208.00,V,,,,,,,280823,,,N*79
$GPVTG,,,,,,,,,N*30
$GPGGA,085208.00,,,,,0,00,99.99,,,,,,*61
$GPGSA,A,1,,,,,,,,,,,,,99.99,99.99,99.99*30
$GPGSV,3,1,11,01,25,296,48,02,43,317,30,03,12,234,47,08,77,296,49*71
$GPGSV,3,2,11,10,33,042,48,18,06,050,47,23,08,081,17,27,62,150,48*75
$GPGSV,3,3,11,28,05,324,46,31,18,167,,32,47,098,48*45
$GPGLL,,,,,085208.00,V,N*4D
$GPRMC,085209.00,V,,,,,,,280823,,,N*78
$GPVTG,,,,,,,,,N*30
$GPGGA,085209.00,,,,,0,00,99.99,,,,,,*60
$GPGSA,A,1,,,,,,,,,,,,,99.99,99.99,99.99*30
$GPGSV,3,1,11,01,25,296,49,02,43,317,31,03,12,234,48,08,77,296,50*76
$GPGSV,3,2,11,10,33,042,49,18,06,050,48,23,08,081,23,27,62,150,50*75
$GPGSV,3,3,11,28,05,324,48,31,18,167,16,32,47,098,49*4D
$GPGLL,,,,,085209.00,V,N*4C
$GPRMC,085210.00,V,,,,,,,280823,,,N*70
$GPVTG,,,,,,,,,N*30
$GPGGA,085210.00,,,,,0,00,99.99,,,,,,*68
$GPGSA,A,1,,,,,,,,,,,,,99.99,99.99,99.99*30
$GPGSV,3,1,11,01,25,296,45,02,43,317,29,03,12,234,44,08,77,296,47*79
$GPGSV,3,2,11,10,33,042,45,18,06,050,44,23,08,081,19,27,62,150,46*7B
$GPGSV,3,3,11,28,05,324,44,31,18,167,11,32,47,098,46*49
$GPGLL,,,,,085210.00,V,N*44
$GPRMC,085211.00,V,,,,,,,280823,,,N*71
$GPVTG,,,,,,,,,N*30
$GPGGA,085211.00,,,,,0,00,99.99,,,,,,*69
$GPGSA,A,1,,,,,,,,,,,,,99.99,99.99,99.99*30
$GPGSV,3,1,11,01,25,296,46,02,43,317,28,03,12,234,46,08,77,296,47*79
$GPGSV,3,2,11,10,33,042,46,18,06,050,46,23,08,081,16,27,62,150,47*74
$GPGSV,3,3,11,28,05,324,45,31,18,167,,32,47,098,47*49
$GPGLL,,,,,085211.00,V,N*45
$GPRMC,085212.00,V,,,,,,,280823,,,N*72
$GPVTG,,,,,,,,,N*30
$GPGGA,085212.00,,,,,0,00,99.99,,,,,,*6A
$GPGSA,A,1,,,,,,,,,,,,,99.99,99.99,99.99*30
$GPGSV,3,1,11,01,25,296,50,02,43,317,33,03,12,234,49,08,77,296,51*7C
$GPGSV,3,2,11,10,33,042,50,18,06,050,49,23,08,081,15,27,62,150,51*78
$GPGSV,3,3,11,28,05,324,49,31,18,167,,32,47,098,50*43
$GPGLL,,,,,085212.00,V,N*46
$GPRMC,085213.00,V,,,,,,,280823,,,N*73
$GPVTG,,,,,,,,,N*30
$GPGGA,085213.00,,,,,0,00,99.99,,,,,,*6B
$GPGSA,A,1,,,,,,,,,,,,,99.99,99.99,99.99*30
$GPGSV,3,1,11,01,25,296,39,02,43,317,38,03,12,234,38,08,77,296,39*70
$GPGSV,3,2,11,10,33,042,39,18,06,050,38,23,08,081,11,27,62,150,40*75
$GPGSV,3,3,11,28,05,324,38,31,18,167,,32,47,098,39*4A
$GPGLL,,,,,085213.00,V,N*47
$GPRMC,085214.00,V,,,,,,,280823,,,N*74
$GPVTG,,,,,,,,,N*30
$GPGGA,085214.00,,,,,0,00,99.99,,,,,,*6C
$GPGSA,A,1,,,,,,,,,,,,,99.99,99.99,99.99*30
$GPGSV,3,1,11,01,25,296,48,02,43,317,28,03,12,234,47,08,77,296,48*79
$GPGSV,3,2,11,10,33,042,48,18,06,050,47,23,08,081,08,27,62,150,48*7B
$GPGSV,3,3,11,28,05,324,47,31,18,167,,32,47,098,48*44
$GPGLL,,,,,085214.00,V,N*40
$GPRMC,085215.00,V,,,,,,,280823,,,N*75
$GPVTG,,,,,,,,,N*30
$GPGGA,085215.00,,,,,0,00,99.99,,,,,,*6D
$GPGSA,A,1,,,,,,,,,,,,,99.99,99.99,99.99*30
$GPGSV,3,1,11,01,25,296,47,02,43,317,28,03,12,234,46,08,77,296,48*77
$GPGSV,3,2,11,10,33,042,47,18,06,050,46,23,08,081,,27,62,150,48*7D
$GPGSV,3,3,11,28,05,324,46,31,18,167,18,32,47,098,48*4C
$GPGLL,,,,,085215.00,V,N*41
$GPRMC,085216.00,V,,,,,,,280823,,,N*76
$GPVTG,,,,,,,,,N*30
$GPGGA,085216.00,,,,,0,00,99.99,,,,,,*6E
$GPGSA,A,1,,,,,,,,,,,,,99.99,99.99,99.99*30
$GPGSV,3,1,11,01,25,296,48,02,43,317,28,03,12,234,47,08,77,296,49*78
$GPGSV,3,2,11,10,33,042,48,18,06,050,47,23,08,081,18,27,62,150,48*7A
$GPGSV,3,3,11,28,05,324,47,31,18,167,17,32,47,098,48*42
$GPGLL,,,,,085216.00,V,N*42
$GPRMC,085217.00,V,,,,,,,280823,,,N*77
$GPVTG,,,,,,,,,N*30
$GPGGA,085217.00,,,,,0,00,99.99,,,,,,*6F
$GPGSA,A,1,,,,,,,,,,,,,99.99,99.99,99.99*30
$GPGSV,3,1,11,01,25,296,49,02,43,317,29,03,12,234,48,08,77,296,50*7F
$GPGSV,3,2,11,10,33,042,50,18,06,050,48,23,08,081,15,27,62,150,50*78
$GPGSV,3,3,11,28,05,324,48,31,18,167,14,32,47,098,50*47
$GPGLL,,,,,085217.00,V,N*43
$GPRMC,085218.00,V,,,,,,,280823,,,N*78
$GPVTG,,,,,,,,,N*30
$GPGGA,085218.00,,,,,0,00,99.99,,,,,,*60
$GPGSA,A,1,,,,,,,,,,,,,99.99,99.99,99.99*30
$GPGSV,3,1,11,01,25,296,46,02,43,317,27,03,12,234,44,08,77,296,46*75
$GPGSV,3,2,11,10,33,042,46,18,06,050,45,23,08,081,07,27,62,150,46*76
$GPGSV,3,3,11,28,05,324,45,31,18,167,10,32,47,098,46*49
$GPGLL,,,,,085218.00,V,N*4C
$GPRMC,085219.00,V,,,,,,,280823,,,N*79
$GPVTG,,,,,,,,,N*30
$GPGGA,085219.00,,,,,0,00,99.99,,,,,,*61
$GPGSA,A,1,,,,,,,,,,,,,99.99,99.99,99.99*30
$GPGSV,3,1,11,01,25,296,49,02,43,317,33,03,12,234,48,08,77,296,50*74
$GPGSV,3,2,11,10,33,042,49,18,06,050,48,23,07,082,,27,62,150,50*78
$GPGSV,3,3,11,28,05,324,48,31,18,167,07,32,47,098,49*4D
$GPGLL,,,,,085219.00,V,N*4D
$GPRMC,085220.00,V,,,,,,,280823,,,N*73
$GPVTG,,,,,,,,,N*30
$GPGGA,085220.00,,,,,0,00,99.99,,,,,,*6B
$GPGSA,A,1,,,,,,,,,,,,,99.99,99.99,99.99*30
$GPGSV,3,1,11,01,25,296,45,02,43,317,32,03,12,234,44,08,77,296,45*71
$GPGSV,3,2,11,10,33,042,45,18,06,050,44,23,07,082,20,27,62,150,45*7E
$GPGSV,3,3,11,28,05,324,44,31,18,167,,32,47,098,45*4A
$GPGLL,,,,,085220.00,V,N*47
$GPRMC,085221.00,V,,,,,,,280823,,,N*72
$GPVTG,,,,,,,,,N*30
$GPGGA,085221.00,,,,,0,00,99.99,,,,,,*6A
$GPGSA,A,1,,,,,,,,,,,,,99.99,99.99,99.99*30
$GPGSV,3,1,11,01,25,296,49,02,43,317,37,03,12,234,48,08,77,296,50*70
$GPGSV,3,2,11,10,33,042,49,18,06,050,48,23,07,082,16,27,62,150,50*7F
$GPGSV,3,3,11,28,05,324,48,31,18,167,,32,47,098,50*42
$GPGLL,,,,,085221.00,V,N*46
$GPRMC,085222.00,V,,,,,,,280823,,,N*71
$GPVTG,,,,,,,,,N*30
$GPGGA,085222.00,,,,,0,00,99.99,,,,,,*69
$GPGSA,A,1,,,,,,,,,,,,,99.99,99.99,99.99*30
$GPGSV,3,1,11,01,25,296,49,02,43,317,35,03,12,234,48,08,77,296,50*72
$GPGSV,3,2,11,10,33,042,49,18,06,050,48,23,07,082,11,27,62,150,50*78
$GPGSV,3,3,11,28,05,324,48,31,18,167,22,32,47,098,50*42
$GPGLL,,,,,085222.00,V,N*45
$GPRMC,085223.00,V,,,,,,,280823,,,N*70
$GPVTG,,,,,,,,,N*30
$GPGGA,085223.00,,,,,0,00,99.99,,,,,,*68
$GPGSA,A,1,,,,,,,,,,,,,99.99,99.99,99.99*30
$GPGSV,3,1,11,01,25,296,48,02,43,317,30,03,12,234,48,08,77,296,49*7E
$GPGSV,3,2,11,10,33,042,49,18,06,050,48,23,07,082,,27,61,150,49*73
$GPGSV,3,3,11,28,05,324,47,31,18,167,16,32,47,098,49*42
$GPGLL,,,,,085223.00,V,N*44
$GPRMC,085224.00,V,,,,,,,280823,,,N*77
$GPVTG,,,,,,,,,N*30
$GPGGA,085224.00,,,,,0,00,99.99,,,,,,*6F
$GPGSA,A,1,,,,,,,,,,,,,99.99,99.99,99.99*30
$GPGSV,3,1,11,01,25,296,49,02,43,317,29,03,12,234,48,08,77,296,50*7F
$GPGSV,3,2,11,10,33,042,49,18,06,050,48,23,07,082,,27,61,150,49*73
$GPGSV,3,3,11,28,05,323,48,31,18,167,,32,47,098,49*4D
$GPGLL,,,,,085224.00,V,N*43
$GPRMC,085225.00,V,,,,,,,280823,,,N*76
$GPVTG,,,,,,,,,N*30
$GPGGA,085225.00,,,,,0,00,99.99,,,,,,*6E
$GPGSA,A,1,,,,,,,,,,,,,99.99,99.99,99.99*30
$GPGSV,3,1,11,01,25,296,46,02,43,317,28,03,12,234,45,08,77,296,47*7A
$GPGSV,3,2,11,10,33,042,46,18,06,050,45,23,07,082,,27,61,150,47*7F
$GPGSV,3,3,11,28,05,323,45,31,18,167,19,32,47,098,47*46
$GPGLL,,,,,085225.00,V,N*42
$GPRMC,085226.00,V,,,,,,,280823,,,N*75
$GPVTG,,,,,,,,,N*30
$GPGGA,085226.00,,,,,0,00,99.99,,,,,,*6D
$GPGSA,A,1,,,,,,,,,,,,,99.99,99.99,99.99*30
$GPGSV,3,1,11,01,25,296,46,02,43,317,31,03,12,234,46,08,77,296,47*71
$GPGSV,3,2,11,10,33,042,47,18,06,050,46,23,07,082,,27,61,150,47*7D
$GPGSV,3,3,11,28,05,323,45,31,18,167,19,32,47,098,47*46
$GPGLL,,,,,085226.00,V,N*41
$GPRMC,085227.00,V,,,,,,,280823,,,N*74
$GPVTG,,,,,,,,,N*30
$GPGGA,085227.00,,,,,0,00,99.99,,,,,,*6C
$GPGSA,A,1,,,,,,,,,,,,,99.99,99.99,99.99*30
$GPGSV,3,1,11,01,25,296,48,02,43,317,32,03,12,234,46,08,77,296,48*73
$GPGSV,3,2,11,10,33,042,47,18,06,050,46,23,07,082,,27,61,150,48*72
$GPGSV,3,3,11,28,05,323,46,31,19,166,15,32,47,098,47*49
$GPGLL,,,,,085227.00,V,N*40
$GPRMC,085228.00,V,,,,,,,280823,,,N*7B
$GPVTG,,,,,,,,,N*30
$GPGGA,085228.00,,,,,0,00,99.99,,,,,,*63
$GPGSA,A,1,,,,,,,,,,,,,99.99,99.99,99.99*30
$GPGSV,3,1,11,01,25,296,49,02,43,317,31,03,12,234,48,08,77,296,50*76
$GPGSV,3,2,11,10,33,042,49,18,06,050,48,23,07,082,,27,61,150,49*73
$GPGSV,3,3,11,28,05,323,48,31,19,166,09,32,47,097,49*4B
$GPGLL,,,,,085228.00,V,N*4F
$GPRMC,085229.00,V,,,,,,,280823,,,N*7A
$GPVTG,,,,,,,,,N*30
$GPGGA,085229.00,,,,,0,00,99.99,,,,,,*62
$GPGSA,A,1,,,,,,,,,,,,,99.99,99.99,99.99*30
$GPGSV,3,1,11,01,25,296,48,02,43,317,30,03,12,234,47,08,77,296,49*71
$GPGSV,3,2,11,10,33,042,48,18,06,050,47,23,07,082,22,27,61,150,49*7D
$GPGSV,3,3,11,28,05,323,47,31,19,166,18,32,47,097,49*44
$GPGLL,,,,,085229.00,V,N*4E
$GPRMC,085230.00,V,,,,,,,280823,,,N*72
$GPVTG,,,,,,,,,N*30
$GPGGA,085230.00,,,,,0,00,99.99,,,,,,*6A
$GPGSA,A,1,,,,,,,,,,,,,99.99,99.99,99.99*30
$GPGSV,3,1,12,01,25,296,49,02,43,317,28,03,12,234,48,08,77,296,50*7D
$GPGSV,3,2,12,10,33,042,49,18,06,050,48,23,07,082,17,27,61,150,50*7E
$GPGSV,3,3,12,28,05,323,48,31,19,166,18,32,47,097,49,37,40,227,29*74
$GPGLL,,,,,085230.00,V,N*46
$GPRMC,084859.49,V,,,,,,,280823,,,N*7B
$GPVTG,,,,,,,,,N*30
$GPGGA,084859.49,,,,,0,09,1.01,,,,,,*5A
$GPGSA,A,1,27,32,10,31,18,03,28,01,08,,,,1.65,1.01,1.30*0E
$GPGSV,3,1,11,01,27,294,48,02,46,314,26,03,11,233,47,08,78,278,49*7B
$GPGSV,3,2,11,10,35,045,48,18,08,051,47,23,07,083,09,27,58,153,48*73
$GPGSV,3,3,11,28,08,322,47,31,15,166,17,32,46,101,49*44
$GPGLL,,,,,084859.49,V,N*4F
$GPRMC,084900.00,A,3542.05518,N,05123.47139,E,0.206,,280823,,,A*76
$GPVTG,,T,,M,0.206,N,0.381,K,A*2D
$GPGGA,084900.00,3542.05518,N,05123.47139,E,1,08,1.01,1300.9,M,-17.6,M,,*43
$GPGSA,A,3,27,32,10,18,03,28,01,08,,,,,1.65,1.01,1.30*0E
$GPGSV,3,1,11,01,26,293,48,02,44,314,25,03,09,232,47,08,77,285,49*79
$GPGSV,3,2,11,10,37,044,48,18,09,051,47,23,08,082,08,27,59,152,49*7F
$GPGSV,3,3,11,28,07,323,47,31,14,167,15,32,45,104,49*4E
$GPGLL,3542.05518,N,05123.47139,E,084900.00,A,A*68
$GPRMC,084901.00,A,3542.05517,N,05123.47138,E,0.074,,280823,,,A*7E
$GPVTG,,T,,M,0.074,N,0.138,K,A*2A
$GPGGA,084901.00,3542.05517,N,05123.47138,E,1,09,1.01,1301.1,M,-17.6,M,,*44
$GPGSA,A,3,27,32,10,31,18,03,28,01,08,,,,1.65,1.01,1.30*0C
$GPGSV,3,1,11,01,26,293,48,02,44,314,25,03,09,232,47,08,77,285,49*79
$GPGSV,3,2,11,10,37,044,48,18,09,051,47,23,08,082,,27,59,152,49*77
$GPGSV,3,3,11,28,07,323,47,31,14,167,10,32,45,104,48*4A
$GPGLL,3542.05517,N,05123.47138,E,084901.00,A,A*67
$GPRMC,084902.00,A,3542.05518,N,05123.47137,E,0.304,,280823,,,A*79
$GPVTG,,T,,M,0.304,N,0.562,K,A*25
$GPGGA,084902.00,3542.05518,N,05123.47137,E,1,09,1.01,1301.2,M,-17.6,M,,*44
$GPGSA,A,3,27,32,02,10,18,03,28,01,08,,,,1.65,1.01,1.30*0C
$GPGSV,3,1,11,01,26,293,47,02,44,314,24,03,09,232,46,08,77,285,48*77
$GPGSV,3,2,11,10,37,044,47,18,09,051,46,23,08,082,,27,59,152,47*77
$GPGSV,3,3,11,28,07,323,46,31,14,167,,32,45,104,47*45
$GPGLL,3542.05518,N,05123.47137,E,084902.00,A,A*64
$GPRMC,084903.00,A,3542.05521,N,05123.47137,E,0.027,,280823,,,A*70
$GPVTG,,T,,M,0.027,N,0.050,K,A*23
$GPGGA,084903.00,3542.05521,N,05123.47137,E,1,09,1.01,1301.3,M,-17.6,M,,*4E
$GPGSA,A,3,27,32,02,10,18,03,28,01,08,,,,1.65,1.01,1.30*0C
$GPGSV,3,1,11,01,26,293,47,02,44,314,23,03,09,232,46,08,77,285,48*70
$GPGSV,3,2,11,10,37,044,47,18,09,051,46,23,08,082,,27,59,152,47*77
$GPGSV,3,3,11,28,07,323,46,31,14,167,,32,45,104,47*45
$GPGLL,3542.05521,N,05123.47137,E,084903.00,A,A*6F
$GPRMC,084904.00,A,3542.05522,N,05123.47137,E,0.008,,280823,,,A*79
$GPVTG,,T,,M,0.008,N,0.014,K,A*2E
$GPGGA,084904.00,3542.05522,N,05123.47137,E,1,08,1.01,1301.5,M,-17.6,M,,*4D
$GPGSA,A,3,27,32,10,18,03,28,01,08,,,,,1.65,1.01,1.30*0E
$GPGSV,3,1,11,01,26,293,50,02,44,314,,03,09,232,49,08,77,285,52*73
$GPGSV,3,2,11,10,37,044,50,18,09,051,49,23,08,082,,27,59,152,51*79
$GPGSV,3,3,11,28,07,323,49,31,14,167,,32,45,104,51*4D
$GPGLL,3542.05522,N,05123.47137,E,084904.00,A,A*6B
$GPRMC,084905.00,A,3542.05521,N,05123.47138,E,0.010,,280823,,,A*7D
$GPVTG,,T,,M,0.010,N,0.018,K,A*2B
$GPGGA,084905.00,3542.05521,N,05123.47138,E,1,09,1.01,1301.4,M,-17.6,M,,*40
$GPGSA,A,3,27,32,10,31,18,03,28,01,08,,,,1.65,1.01,1.30*0C
$GPGSV,3,1,11,01,26,293,48,02,44,314,,03,09,232,47,08,77,285,49*7E
$GPGSV,3,2,11,10,37,044,48,18,09,051,46,23,08,082,,27,59,152,48*77
$GPGSV,3,3,11,28,07,323,47,31,14,167,23,32,45,104,48*4A
$GPGLL,3542.05521,N,05123.47138,E,084905.00,A,A*66
$GPRMC,084906.00,A,3542.05521,N,05123.47138,E,0.008,,280823,,,A*77
$GPVTG,,T,,M,0.008,N,0.015,K,A*2F
$GPGGA,084906.00,3542.05521,N,05123.47138,E,1,09,1.01,1301.5,M,-17.6,M,,*42
$GPGSA,A,3,27,32,10,31,18,03,28,01,08,,,,1.65,1.01,1.30*0C
$GPGSV,3,1,11,01,26,293,48,02,44,314,,03,09,232,47,08,77,285,49*7E
$GPGSV,3,2,11,10,37,044,48,18,09,051,47,23,08,082,,27,59,152,49*77
$GPGSV,3,3,11,28,07,323,47,31,14,167,18,32,45,104,49*43
$GPGLL,3542.05521,N,05123.47138,E,084906.00,A,A*65
$GPRMC,084907.00,A,3542.05522,N,05123.47139,E,0.011,,280823,,,A*7C
$GPVTG,,T,,M,0.011,N,0.021,K,A*20
$GPGGA,084907.00,3542.05522,N,05123.47139,E,1,09,1.01,1301.5,M,-17.6,M,,*41
$GPGSA,A,3,27,32,10,31,18,03,28,01,08,,,,1.65,1.01,1.30*0C
$GPGSV,3,1,11,01,26,293,49,02,44,314,,03,09,232,48,08,77,285,50*78
$GPGSV,3,2,11,10,37,044,49,18,09,051,48,23,08,082,,27,59,152,50*71
$GPGSV,3,3,11,28,07,323,48,31,14,167,14,32,45,104,49*40
$GPGLL,3542.05522,N,05123.47139,E,084907.00,A,A*66
$GPRMC,084908.00,A,3542.05522,N,05123.47139,E,0.013,,280823,,,A*71
$GPVTG,,T,,M,0.013,N,0.025,K,A*26
$GPGGA,084908.00,3542.05522,N,05123.47139,E,1,09,1.01,1301.4,M,-17.6,M,,*4F
$GPGSA,A,3,27,32,10,31,18,03,28,01,08,,,,1.65,1.01,1.30*0C
$GPGSV,3
